[ 16, 6, 2, 1, 15087, 1, 1, 17, 7, 4, 1230, 17, 19, 1265, 1230, 17, 0, 0 ],
[ 18, 6, 1, 2, 345, 2, 5, 12, 0, 3, 1189, 14, 13, 8559, 1327, 14, 2, 0 ],
[ 20, 6, 2, 3, 0, 2, 7, 0, 0, 0, 0, 0, 0, 0, 0, 0, 0, 0 ],
[ 20, 7, 1, 4, 13054, 1, 1, 0, 0, 0, 0, 0, 0, 0, 0, 0, 0, 0 ],
[ 21, 7, 1, 5, 957, 5, 1, 7, 0, 1, 717, 11, 10, 1960, 1011, 11, 4, 1 ],
[ 22, 6, 1, 6, 224, 1, 1, 4, 3, 2, 420, 4, 6, 372, 420, 4, 0, 0 ],
[ 22, 7, 2, 7, 4421, 7, 11, 12, 0, 2, 2259, 16, 12, 5165, 2559, 16, 4, 0 ],
[ 22, 6, 1, 3, 441, 2, 12, 0, 0, 0, 0, 0, 0, 0, 0, 0, 0, 0 ],
[ 23, 6, 2, 3, 0, 2, 6, 16, 3, 11, 1696, 18, 20, 13422, 1844, 18, 2, 0 ],
[ 23, 6, 1, 8, 434, 9, 15, 0, 0, 0, 0, 0, 0, 0, 0, 0, 0, 0 ],
[ 23, 6, 1, 3, 240, 2, 9, 8, 0, 2, 723, 10, 11, 1837, 871, 10, 2, 0 ],
[ 23, 6, 1, 3, 3985, 8, 20, 40, 17, 16, 3285, 46, 45, 12003, 3729, 46, 6, 0 ],
[ 24, 9, 1, 3, 319, 11, 21, 7, 0, 2, 720, 9, 10, 1269, 868, 9, 2, 1 ],
[ 24, 8, 1, 6, 224, 2, 25, 19, 2, 4, 2131, 23, 23, 9471, 2441, 23, 4, 0 ],
[ 24, 7, 1, 3, 318, 1, 1, 21, 1, 8, 1606, 25, 13, 1276, 1914, 25, 4, 0 ],
[ 24, 6, 1, 2, 345, 2, 27, 19, 5, 9, 1390, 21, 25, 3890, 1540, 21, 2, 0 ],
[ 24, 6, 2, 3, 756, 9, 15, 23, 3, 15, 2485, 27, 28, 9332, 2799, 27, 4, 0 ],
[ 25, 6, 2, 9, 0, 8, 28, 0, 0, 0, 0, 0, 0, 0, 0, 0, 0, 0 ],
[ 25, 6, 2, 3, 0, 2, 30, 12, 0, 5, 1327, 16, 17, 14050, 1615, 16, 4, 0 ],
[ 25, 6, 1, 3, 0, 2, 9, 36, 17, 9, 4737, 42, 35, 10343, 5173, 42, 6, 0 ],
[ 25, 6, 2, 3, 195, 4, 32, 0, 0, 0, 0, 0, 0, 0, 0, 0, 0, 0 ],
[ 25, 6, 1, 3, 0, 2, 30, 0, 0, 0, 0, 0, 0, 0, 0, 0, 0, 0 ],
[ 26, 7, 1, 5, 962, 4, 33, 9, 0, 4, 842, 11, 12, 2101, 994, 11, 2, 1 ],
[ 26, 7, 1, 5, 962, 4, 33, 7, 0, 2, 722, 11, 10, 2000, 1016, 11, 4, 1 ],
[ 26, 7, 1, 5, 962, 4, 33, 7, 0, 2, 722, 11, 9, 1913, 1036, 11, 4, 1 ],
[ 26, 6, 1, 3, 199, 9, 15, 0, 0, 0, 0, 0, 0, 0, 0, 0, 0, 0 ],
[ 26, 6, 2, 10, 3548, 1, 1, 13, 0, 1, 1378, 19, 19, 6226, 1856, 19, 6, 0 ],
[ 26, 7, 2, 11, 0, 1, 1, 11, 9, 7, 882, 11, 9, 562, 882, 11, 0, 0 ],
[ 26, 6, 1, 2, 345, 2, 6, 43, 0, 2, 3252, 47, 47, 60076, 3564, 47, 4, 0 ],
[ 27, 7, 2, 12, 8756, 4, 33, 38, 0, 3, 4207, 44, 45, 39662, 4679, 44, 6, 1 ],
[ 27, 7, 2, 3, 193, 2, 39, 9, 0, 1, 1838, 11, 13, 4524, 1992, 11, 2, 1 ],
[ 27, 6, 2, 13, 0, 7, 42, 40, 13, 14, 3781, 46, 44, 34101, 4253, 46, 6, 0 ],
[ 27, 6, 2, 14, 7967, 1, 1, 6, 0, 4, 631, 8, 11, 812, 787, 8, 2, 0 ],
[ 27, 7, 1, 3, 11506, 2, 6, 0, 0, 0, 0, 0, 0, 0, 0, 0, 0, 0 ],
[ 28, 9, 2, 13, 0, 6, 43, 5, 0, 1, 592, 7, 9, 1062, 732, 7, 2, 1 ],
[ 28, 7, 1, 3, 0, 14, 1, 0, 0, 0, 0, 0, 0, 0, 0, 0, 0, 0 ],
[ 28, 7, 2, 3, 8578, 8, 26, 21, 7, 5, 2830, 29, 25, 6137, 3400, 29, 8, 0 ],
[ 28, 6, 2, 3, 10576, 11, 47, 14, 9, 2, 2094, 14, 12, 8019, 2094, 14, 0, 0 ],
[ 28, 7, 2, 15, 12846, 2, 48, 17, 12, 3, 2314, 23, 27, 21419, 2740, 23, 6, 0 ],
[ 28, 6, 1, 16, 445, 2, 6, 28, 5, 8, 2324, 30, 33, 24662, 2482, 30, 2, 0 ],
[ 28, 8, 2, 3, 0, 2, 16, 6, 0, 3, 632, 8, 8, 593, 776, 8, 2, 0 ],
[ 29, 7, 1, 3, 7314, 2, 35, 34, 0, 2, 2934, 40, 40, 34995, 3416, 40, 6, 1 ],
[ 29, 6, 1, 3, 0, 2, 9, 0, 0, 0, 0, 0, 0, 0, 0, 0, 0, 0 ],
[ 29, 8, 1, 3, 9136, 2, 9, 0, 0, 0, 0, 0, 0, 0, 0, 0, 0, 0 ],
[ 29, 6, 2, 3, 5019, 2, 50, 0, 0, 0, 0, 0, 0, 0, 0, 0, 0, 0 ],
[ 29, 6, 1, 17, 210, 2, 51, 0, 0, 0, 0, 0, 0, 0, 0, 0, 0, 0 ],
[ 29, 6, 2, 12, 8654, 17, 52, 0, 0, 0, 0, 0, 0, 0, 0, 0, 0, 0 ],
[ 29, 7, 1, 18, 238, 8, 53, 0, 0, 0, 0, 0, 0, 0, 0, 0, 0, 0 ],
[ 29, 6, 1, 3, 26856, 1, 1, 26, 6, 5, 2519, 30, 30, 22379, 2851, 30, 4, 0 ],
[ 29, 7, 2, 6, 0, 8, 20, 709, 708, 3, 2362906, 709, 837, 83056, 2362906, 709, 0, 0 ],
[ 29, 6, 2, 3, 10210, 2, 9, 5, 4, 2, 486, 5, 7, 542, 486, 5, 0, 0 ],
[ 29, 6, 1, 3, 13684, 2, 55, 15, 8, 7, 1134, 15, 9, 605, 1134, 15, 0, 0 ],
[ 29, 8, 2, 14, 6813, 2, 13, 17, 9, 10, 1249, 17, 15, 1062, 1249, 17, 0, 0 ],
[ 29, 7, 1, 3, 0, 2, 9, 32, 21, 8, 4561, 38, 36, 10429, 4997, 38, 6, 0 ],
[ 29, 6, 2, 19, 7159, 2, 16, 21, 6, 11, 1515, 23, 18, 1334, 1675, 23, 2, 0 ],
[ 29, 6, 2, 13, 0, 2, 27, 24, 1, 3, 2195, 29, 30, 55576, 2515, 29, 4, 0 ],
[ 29, 6, 1, 3, 388, 2, 36, 0, 0, 0, 0, 0, 0, 0, 0, 0, 0, 0 ],
[ 29, 6, 1, 2, 199, 1, 1, 0, 0, 0, 0, 0, 0, 0, 0, 0, 0, 0 ],
[ 30, 8, 1, 3, 177, 1, 1, 7, 0, 2, 666, 9, 9, 1094, 826, 9, 2, 1 ],
[ 30, 6, 2, 20, 0, 10, 1, 0, 0, 0, 0, 0, 0, 0, 0, 0, 0, 0 ],
[ 30, 6, 1, 21, 199, 2, 25, 0, 0, 0, 0, 0, 0, 0, 0, 0, 0, 0 ],
[ 30, 6, 1, 3, 0, 2, 9, 22, 17, 2, 3914, 28, 27, 9833, 4350, 28, 6, 0 ],
[ 30, 6, 4, 22, 0, 2, 17, 6, 4, 4, 552, 6, 9, 564, 552, 6, 0, 0 ],
[ 30, 6, 2, 3, 14703, 2, 13, 2, 2, 1, 276, 2, 4, 250, 276, 2, 0, 0 ],
[ 30, 7, 1, 3, 0, 2, 9, 31, 26, 2, 4412, 37, 37, 27412, 4848, 37, 6, 0 ],
[ 30, 7, 1, 23, 0, 2, 61, 48, 3, 6, 3418, 52, 48, 57377, 3706, 52, 4, 0 ],
[ 30, 7, 1, 3, 0, 2, 9, 0, 0, 0, 0, 0, 0, 0, 0, 0, 0, 0 ],
[ 31, 7, 1, 24, 287, 1, 1, 0, 0, 0, 0, 0, 0, 0, 0, 0, 0, 0 ],
[ 31, 7, 1, 3, 0, 2, 9, 0, 0, 0, 0, 0, 0, 0, 0, 0, 0, 0 ],
[ 31, 8, 2, 3, 65815, 2, 62, 0, 0, 0, 0, 0, 0, 0, 0, 0, 0, 0 ],
[ 31, 6, 2, 25, 0, 1, 1, 9, 3, 7, 738, 9, 12, 766, 738, 9, 0, 0 ],
[ 31, 8, 1, 13, 287, 11, 63, 5, 0, 1, 593, 9, 9, 955, 929, 9, 4, 0 ],
[ 31, 7, 2, 4, 5132, 2, 6, 27, 0, 3, 2743, 33, 33, 43878, 3181, 33, 6, 0 ],
[ 31, 6, 1, 3, 0, 1, 1, 23, 17, 3, 3981, 29, 27, 9867, 4417, 29, 6, 0 ],
[ 31, 6, 2, 3, 0, 2, 35, 13, 8, 8, 1355, 16, 16, 1145, 1519, 16, 2, 0 ],
[ 31, 7, 2, 3, 22004, 2, 9, 0, 0, 0, 0, 0, 0, 0, 0, 0, 0, 0 ],
[ 31, 6, 1, 3, 0, 2, 9, 0, 0, 0, 0, 0, 0, 0, 0, 0, 0, 0 ],
[ 31, 7, 1, 2, 345, 2, 13, 0, 0, 0, 0, 0, 0, 0, 0, 0, 0, 0 ],
[ 32, 8, 2, 0, 0, 2, 41, 0, 0, 0, 0, 0, 0, 0, 0, 0, 0, 0 ],
[ 32, 8, 2, 0, 0, 2, 41, 0, 0, 0, 0, 0, 0, 0, 0, 0, 0, 0 ],
[ 32, 8, 1, 3, 1399, 2, 9, 0, 0, 0, 0, 0, 0, 0, 0, 0, 0, 0 ],
[ 32, 6, 2, 3, 0, 8, 20, 0, 0, 0, 0, 0, 0, 0, 0, 0, 0, 0 ],
[ 32, 8, 2, 3, 0, 1, 1, 24, 0, 4, 2176, 28, 29, 17335, 2456, 28, 4, 0 ],
[ 32, 7, 2, 3, 0, 2, 65, 94, 0, 4, 11902, 102, 121, 173484, 12492, 102, 8, 0 ],
[ 32, 6, 1, 26, 199, 2, 7, 6, 3, 4, 564, 6, 7, 442, 564, 6, 0, 0 ],
[ 32, 8, 1, 3, 334, 19, 66, 8, 1, 4, 816, 10, 13, 1541, 958, 10, 2, 0 ],
[ 32, 7, 1, 27, 287, 2, 62, 71, 0, 3, 10999, 73, 70, 88707, 11147, 73, 2, 0 ],
[ 32, 7, 2, 3, 20212, 2, 9, 43, 26, 14, 4214, 49, 28, 9246, 4650, 49, 6, 0 ],
[ 32, 8, 2, 0, 0, 2, 41, 36, 0, 2, 3185, 40, 40, 50608, 3465, 40, 4, 0 ],
[ 32, 8, 2, 0, 0, 2, 41, 24, 2, 4, 1888, 28, 25, 40314, 2168, 28, 4, 0 ],
[ 33, 8, 2, 0, 0, 2, 41, 0, 0, 0, 0, 0, 0, 0, 0, 0, 0, 0 ],
[ 33, 8, 2, 0, 0, 2, 41, 0, 0, 0, 0, 0, 0, 0, 0, 0, 0, 0 ],
[ 33, 6, 1, 3, 0, 17, 67, 0, 0, 0, 0, 0, 0, 0, 0, 0, 0, 0 ],
[ 33, 6, 2, 28, 19890, 8, 68, 0, 0, 0, 0, 0, 0, 0, 0, 0, 0, 0 ],
[ 33, 7, 1, 3, 318, 17, 52, 0, 0, 0, 0, 0, 0, 0, 0, 0, 0, 0 ],
[ 33, 8, 2, 0, 0, 2, 41, 52, 7, 8, 3438, 56, 51, 46498, 3718, 56, 4, 0 ],
[ 33, 7, 1, 29, 0, 1, 1, 4, 3, 2, 420, 4, 5, 304, 420, 4, 0, 0 ],
[ 33, 6, 2, 3, 0, 2, 13, 7, 5, 4, 606, 7, 6, 474, 606, 7, 0, 0 ],
[ 33, 6, 2, 30, 0, 2, 16, 8, 4, 5, 660, 8, 9, 556, 660, 8, 0, 0 ],
[ 33, 6, 1, 31, 0, 2, 6, 5, 4, 2, 486, 5, 7, 542, 486, 5, 0, 0 ],
[ 33, 8, 2, 0, 0, 2, 41, 10, 4, 4, 816, 10, 6, 476, 816, 10, 0, 0 ],
[ 33, 8, 2, 32, 1371, 20, 1, 19, 0, 3, 2042, 27, 27, 4760, 2622, 27, 8, 0 ],
[ 33, 6, 1, 3, 0, 2, 9, 0, 0, 0, 0, 0, 0, 0, 0, 0, 0, 0 ],
[ 34, 9, 1, 3, 214, 1, 1, 9, 0, 4, 850, 11, 14, 1382, 990, 11, 2, 1 ],
[ 34, 7, 1, 33, 0, 8, 14, 0, 0, 0, 0, 0, 0, 0, 0, 0, 0, 0 ],
[ 34, 7, 2, 20, 6474, 2, 72, 6, 3, 4, 552, 6, 9, 564, 552, 6, 0, 0 ],
[ 34, 9, 1, 3, 1486, 4, 1, 5, 3, 2, 498, 5, 5, 306, 498, 5, 0, 0 ],
[ 34, 9, 2, 34, 10892, 1, 1, 3, 3, 1, 366, 3, 4, 244, 366, 3, 0, 0 ],
[ 34, 8, 2, 32, 7255, 1, 1, 17, 1, 2, 1661, 23, 26, 10015, 2167, 23, 6, 0 ],
[ 34, 9, 1, 35, 111, 2, 30, 21, 0, 5, 2292, 23, 24, 16147, 2450, 23, 2, 0 ],
[ 34, 6, 1, 3, 0, 2, 9, 24, 20, 2, 4372, 31, 33, 13095, 4808, 31, 6, 0 ],
[ 34, 7, 1, 3, 0, 2, 9, 0, 0, 0, 0, 0, 0, 0, 0, 0, 0, 0 ],
[ 35, 9, 1, 3, 7314, 1, 1, 39, 0, 3, 3240, 45, 45, 35301, 3722, 45, 6, 1 ],
[ 35, 9, 1, 3, 7314, 1, 1, 39, 0, 2, 3240, 45, 45, 35301, 3722, 45, 6, 1 ],
[ 35, 11, 2, 3, 0, 8, 26, 18, 0, 2, 2102, 20, 21, 20976, 2252, 20, 2, 1 ],
[ 35, 8, 2, 0, 0, 2, 41, 21, 1, 4, 2435, 25, 25, 39924, 2715, 25, 4, 0 ],
[ 35, 9, 2, 3, 0, 2, 16, 4, 3, 2, 432, 4, 6, 372, 432, 4, 0, 0 ],
[ 35, 9, 2, 3, 0, 1, 1, 4, 4, 2, 432, 4, 6, 372, 432, 4, 0, 0 ],
[ 35, 8, 2, 0, 0, 2, 41, 21, 12, 12, 1446, 21, 24, 1788, 1446, 21, 0, 0 ],
[ 35, 7, 1, 36, 289, 4, 1, 5, 4, 3, 474, 5, 6, 364, 474, 5, 0, 0 ],
[ 35, 8, 2, 0, 0, 2, 41, 37, 0, 3, 3263, 43, 42, 52720, 3697, 43, 6, 0 ],
[ 35, 8, 1, 3, 1002, 22, 75, 32, 5, 8, 2965, 36, 39, 37146, 3279, 36, 4, 0 ],
[ 35, 7, 2, 3, 16875, 2, 23, 0, 0, 0, 0, 0, 0, 0, 0, 0, 0, 0 ],
[ 35, 8, 2, 0, 0, 2, 41, 27, 1, 5, 2771, 31, 33, 36261, 3051, 31, 4, 0 ],
[ 35, 7, 1, 3, 330, 1, 1, 16, 9, 8, 1275, 18, 23, 2306, 1423, 18, 2, 0 ],
[ 35, 8, 1, 3, 1002, 22, 75, 0, 0, 0, 0, 0, 0, 0, 0, 0, 0, 0 ],
[ 36, 8, 2, 3, 0, 17, 52, 14, 10, 6, 1096, 16, 19, 1294, 1246, 16, 2, 0 ],
[ 36, 8, 1, 37, 0, 2, 39, 5, 3, 2, 474, 5, 5, 306, 474, 5, 0, 0 ],
[ 36, 7, 2, 3, 19879, 2, 9, 61, 7, 6, 6100, 65, 79, 123896, 6388, 65, 4, 0 ],
[ 36, 6, 1, 17, 210, 1, 1, 3, 0, 1, 466, 5, 6, 668, 640, 5, 2, 0 ],
[ 36, 7, 1, 38, 293, 2, 3, 12, 0, 4, 1331, 16, 13, 4860, 1631, 16, 4, 0 ],
[ 36, 7, 1, 6, 231, 1, 1, 7, 0, 2, 730, 9, 11, 1284, 870, 9, 2, 0 ],
[ 36, 7, 2, 3, 11418, 2, 78, 17, 0, 4, 2319, 21, 21, 14373, 2615, 21, 4, 0 ],
[ 36, 8, 1, 39, 0, 1, 1, 0, 0, 0, 0, 0, 0, 0, 0, 0, 0, 0 ],
[ 36, 8, 2, 3, 0, 5, 79, 0, 0, 0, 0, 0, 0, 0, 0, 0, 0, 0 ],
[ 37, 10, 2, 3, 0, 23, 80, 49, 0, 1, 3505, 51, 53, 66214, 3657, 51, 2, 1 ],
[ 37, 9, 5, 40, 296, 2, 40, 2, 0, 2, 128, 4, 5, 407, 276, 4, 2, 1 ],
[ 37, 11, 1, 3, 0, 1, 1, 44, 2, 10, 5009, 50, 50, 40316, 5511, 50, 6, 1 ],
[ 37, 9, 1, 3, 188, 1, 1, 19, 0, 6, 1525, 21, 13, 1363, 1667, 21, 2, 1 ],
[ 37, 7, 2, 9, 0, 8, 28, 0, 0, 0, 0, 0, 0, 0, 0, 0, 0, 0 ],
[ 37, 7, 1, 41, 6062, 2, 30, 0, 0, 0, 0, 0, 0, 0, 0, 0, 0, 0 ],
[ 37, 7, 1, 17, 219, 2, 51, 0, 0, 0, 0, 0, 0, 0, 0, 0, 0, 0 ],
[ 37, 9, 1, 3, 1002, 22, 75, 0, 0, 0, 0, 0, 0, 0, 0, 0, 0, 0 ],
[ 37, 10, 2, 3, 14109, 2, 30, 0, 0, 0, 0, 0, 0, 0, 0, 0, 0, 0 ],
[ 37, 9, 2, 18, 8022, 2, 30, 23, 5, 8, 1674, 23, 11, 696, 1674, 23, 0, 0 ],
[ 37, 8, 2, 3, 1840, 2, 9, 8, 5, 5, 648, 8, 11, 739, 648, 8, 0, 0 ],
[ 37, 8, 1, 42, 12768, 1, 1, 6, 4, 3, 540, 6, 6, 474, 540, 6, 0, 0 ],
[ 37, 9, 1, 3, 0, 1, 1, 31, 7, 12, 2531, 37, 35, 14050, 3005, 37, 6, 0 ],
[ 37, 8, 2, 43, 6944, 2, 16, 0, 0, 0, 0, 0, 0, 0, 0, 0, 0, 0 ],
[ 38, 10, 1, 2, 337, 8, 26, 14, 4, 6, 888, 14, 5, 316, 888, 14, 0, 1 ],
[ 38, 9, 1, 44, 2516, 2, 86, 15, 0, 2, 2342, 21, 15, 7249, 2806, 21, 6, 1 ],
[ 38, 9, 1, 44, 2516, 2, 86, 19, 1, 3, 2594, 25, 25, 7997, 3058, 25, 6, 1 ],
[ 38, 9, 1, 45, 4397, 2, 25, 0, 0, 0, 0, 0, 0, 0, 0, 0, 0, 0 ],
[ 38, 8, 1, 46, 0, 1, 1, 18, 0, 1, 1458, 20, 20, 19623, 1616, 20, 2, 0 ],
[ 38, 9, 2, 3, 68067, 2, 62, 19, 0, 3, 1851, 23, 23, 15551, 2143, 23, 4, 0 ],
[ 38, 10, 2, 3, 40299, 5, 1, 0, 0, 0, 0, 0, 0, 0, 0, 0, 0, 0 ],
[ 38, 9, 1, 3, 0, 2, 9, 0, 0, 0, 0, 0, 0, 0, 0, 0, 0, 0 ],
[ 38, 8, 1, 2, 345, 2, 9, 0, 0, 0, 0, 0, 0, 0, 0, 0, 0, 0 ],
[ 38, 8, 2, 3, 0, 2, 87, 13, 13, 9, 1002, 13, 16, 1012, 1002, 13, 0, 0 ],
[ 38, 7, 2, 3, 1172, 2, 23, 4, 3, 2, 432, 4, 4, 244, 432, 4, 0, 0 ],
[ 38, 8, 2, 0, 0, 2, 60, 3, 2, 2, 330, 3, 5, 306, 330, 3, 0, 0 ],
[ 38, 6, 2, 3, 9555, 25, 1, 23, 5, 9, 2823, 27, 21, 15940, 3153, 27, 4, 0 ],
[ 38, 8, 2, 3, 1840, 2, 9, 23, 12, 8, 3099, 27, 28, 7395, 3439, 27, 4, 0 ],
[ 38, 8, 2, 47, 12400, 2, 6, 16, 0, 3, 1879, 22, 20, 8768, 2307, 22, 6, 0 ],
[ 38, 9, 2, 48, 42952, 2, 6, 35, 30, 2, 4047, 41, 53, 54041, 4497, 41, 6, 0 ],
[ 38, 7, 1, 41, 0, 2, 30, 20, 0, 3, 1578, 24, 24, 20606, 1890, 24, 4, 0 ],
[ 38, 9, 1, 49, 220, 2, 9, 0, 0, 0, 0, 0, 0, 0, 0, 0, 0, 0 ],
[ 39, 9, 1, 44, 2516, 2, 86, 20, 0, 2, 2976, 26, 23, 7783, 3440, 26, 6, 1 ],
[ 39, 7, 2, 13, 256306, 7, 90, 0, 0, 0, 0, 0, 0, 0, 0, 0, 0, 0 ],
[ 39, 8, 1, 3, 404, 2, 91, 0, 0, 0, 0, 0, 0, 0, 0, 0, 0, 0 ],
[ 39, 8, 2, 47, 3063, 27, 1, 0, 0, 0, 0, 0, 0, 0, 0, 0, 0, 0 ],
[ 39, 7, 2, 3, 12985, 2, 5, 0, 0, 0, 0, 0, 0, 0, 0, 0, 0, 0 ],
[ 39, 7, 2, 3, 0, 2, 23, 0, 0, 0, 0, 0, 0, 0, 0, 0, 0, 0 ],
[ 39, 8, 2, 3, 9050, 1, 1, 22, 9, 9, 1560, 22, 18, 1334, 1560, 22, 0, 0 ],
[ 39, 9, 2, 3, 0, 1, 1, 4, 3, 2, 420, 4, 5, 310, 420, 4, 0, 0 ],
[ 39, 7, 1, 3, 340, 8, 26, 11, 5, 5, 894, 11, 10, 634, 894, 11, 0, 0 ],
[ 39, 8, 1, 3, 1002, 22, 75, 10, 2, 7, 927, 14, 20, 2926, 1241, 14, 4, 0 ],
[ 39, 7, 2, 13, 431, 21, 74, 9, 0, 1, 865, 11, 12, 19264, 1045, 11, 2, 0 ],
[ 39, 10, 2, 12, 8507, 2, 16, 13, 3, 7, 1313, 17, 18, 1612, 1605, 17, 4, 0 ],
[ 39, 9, 2, 3, 58, 9, 15, 0, 0, 0, 0, 0, 0, 0, 0, 0, 0, 0 ],
[ 39, 8, 2, 2, 1007, 9, 15, 0, 0, 0, 0, 0, 0, 0, 0, 0, 0, 0 ],
[ 40, 10, 2, 3, 3016, 1, 1, 11, 0, 2, 1285, 17, 18, 2462, 1741, 17, 6, 1 ],
[ 40, 9, 1, 44, 2516, 2, 86, 19, 0, 2, 2610, 25, 22, 7715, 3074, 25, 6, 1 ],
[ 40, 9, 2, 50, 0, 2, 9, 0, 0, 0, 0, 0, 0, 0, 0, 0, 0, 0 ],
[ 40, 7, 2, 3, 13183, 2, 9, 0, 0, 0, 0, 0, 0, 0, 0, 0, 0, 0 ],
[ 40, 9, 2, 3, 7942, 2, 9, 8, 0, 2, 1016, 12, 14, 1612, 1324, 12, 4, 0 ],
[ 40, 9, 1, 3, 0, 7, 42, 0, 0, 0, 0, 0, 0, 0, 0, 0, 0, 0 ],
[ 40, 12, 2, 3, 3013, 2, 9, 0, 0, 0, 0, 0, 0, 0, 0, 0, 0, 0 ],
[ 40, 8, 2, 51, 11590, 2, 36, 156, 17, 12, 23383, 162, 206, 295213, 23877, 162, 6, 0 ],
[ 40, 9, 1, 3, 230, 2, 30, 5, 3, 3, 486, 5, 4, 244, 486, 5, 0, 0 ],
[ 40, 9, 1, 37, 0, 2, 62, 21, 0, 2, 2021, 23, 25, 26799, 2165, 23, 2, 0 ],
[ 40, 8, 1, 3, 15240, 1, 1, 8, 4, 1, 1325, 12, 12, 2833, 1637, 12, 4, 0 ],
[ 40, 9, 2, 3, 65993, 2, 62, 24, 0, 9, 2112, 28, 29, 16019, 2404, 28, 4, 0 ],
[ 41, 10, 1, 44, 2516, 2, 86, 24, 0, 2, 4034, 30, 26, 12486, 4498, 30, 6, 1 ],
[ 41, 8, 2, 3, 65473, 2, 62, 0, 0, 0, 0, 0, 0, 0, 0, 0, 0, 0 ],
[ 41, 9, 1, 3, 0, 2, 71, 7, 5, 5, 630, 7, 7, 442, 630, 7, 0, 0 ],
[ 41, 9, 2, 3, 7065, 2, 16, 5, 3, 3, 576, 6, 8, 522, 576, 6, 0, 0 ],
[ 41, 8, 2, 3, 0, 9, 15, 8, 0, 1, 1078, 12, 12, 1532, 1390, 12, 4, 0 ],
[ 41, 7, 1, 3, 281, 2, 39, 18, 0, 3, 1868, 22, 23, 18348, 2202, 22, 4, 0 ],
[ 41, 8, 2, 3, 0, 17, 1, 34, 11, 4, 3699, 40, 38, 27522, 4153, 40, 6, 0 ],
[ 41, 8, 2, 3, 0, 2, 22, 26, 0, 8, 2657, 30, 35, 34427, 2991, 30, 4, 0 ],
[ 41, 10, 1, 3, 13, 2, 16, 8, 3, 8, 552, 8, 5, 420, 552, 8, 0, 0 ],
[ 41, 8, 2, 0, 0, 2, 41, 40, 12, 6, 3079, 44, 53, 38924, 3359, 44, 4, 0 ],
[ 41, 9, 1, 3, 0, 7, 42, 101, 41, 5, 10813, 110, 101, 142735, 11423, 110, 8, 0 ],
[ 41, 10, 2, 50, 9817, 4, 101, 0, 0, 0, 0, 0, 0, 0, 0, 0, 0, 0 ],
[ 41, 9, 1, 3, 0, 7, 42, 0, 0, 0, 0, 0, 0, 0, 0, 0, 0, 0 ],
[ 42, 10, 1, 44, 2516, 2, 86, 24, 0, 2, 4035, 30, 25, 12416, 4499, 30, 6, 1 ],
[ 42, 10, 1, 44, 2516, 2, 86, 25, 0, 2, 4101, 31, 28, 12614, 4565, 31, 6, 1 ],
[ 42, 10, 1, 44, 2516, 2, 86, 23, 0, 2, 3969, 29, 24, 12354, 4433, 29, 6, 1 ],
[ 42, 10, 1, 44, 2516, 2, 86, 25, 0, 2, 4101, 31, 28, 12614, 4565, 31, 6, 1 ],
[ 42, 8, 1, 3, 895, 2, 16, 15, 0, 6, 1980, 19, 17, 5911, 2334, 19, 4, 1 ],
[ 42, 7, 2, 52, 0, 2, 6, 51, 11, 7, 4601, 57, 55, 45279, 5103, 57, 6, 0 ],
[ 42, 8, 2, 14, 0, 11, 102, 0, 0, 0, 0, 0, 0, 0, 0, 0, 0, 0 ],
[ 42, 8, 2, 3, 7289, 8, 26, 0, 0, 0, 0, 0, 0, 0, 0, 0, 0, 0 ],
[ 42, 8, 2, 14, 4974, 8, 24, 0, 0, 0, 0, 0, 0, 0, 0, 0, 0, 0 ],
[ 42, 9, 2, 3, 7509, 1, 1, 7, 0, 2, 985, 13, 12, 1496, 1433, 13, 6, 0 ],
[ 42, 9, 1, 50, 5127, 2, 9, 4, 3, 2, 432, 4, 5, 310, 432, 4, 0, 0 ],
[ 42, 7, 1, 3, 0, 2, 103, 6, 4, 4, 528, 6, 8, 612, 528, 6, 0, 0 ],
[ 42, 8, 2, 3, 0, 5, 79, 33, 0, 5, 2706, 37, 35, 41737, 2982, 37, 4, 0 ],
[ 42, 8, 2, 13, 2766, 1, 1, 33, 4, 9, 3088, 41, 34, 12104, 3720, 41, 8, 0 ],
[ 42, 9, 1, 3, 0, 7, 42, 15, 6, 10, 950, 17, 18, 1327, 1110, 17, 2, 0 ],
[ 42, 9, 2, 12, 10561, 17, 104, 15, 4, 4, 1540, 19, 21, 25529, 1844, 19, 4, 0 ],
[ 42, 9, 2, 12, 8769, 3, 105, 5, 0, 3, 334, 7, 6, 412, 474, 7, 2, 0 ],
[ 42, 8, 2, 13, 94, 7, 88, 14, 0, 3, 1102, 16, 8, 1015, 1248, 16, 2, 0 ],
[ 42, 9, 1, 3, 0, 7, 42, 0, 0, 0, 0, 0, 0, 0, 0, 0, 0, 0 ],
[ 42, 7, 1, 3, 497, 2, 39, 0, 0, 0, 0, 0, 0, 0, 0, 0, 0, 0 ],
[ 42, 7, 2, 52, 0, 2, 6, 0, 0, 0, 0, 0, 0, 0, 0, 0, 0, 0 ],
[ 43, 10, 1, 44, 2516, 2, 86, 23, 0, 2, 3970, 29, 27, 12548, 4434, 29, 6, 1 ],
[ 43, 11, 1, 53, 0, 1, 1, 10, 0, 5, 925, 12, 12, 1399, 1079, 12, 2, 1 ],
[ 43, 10, 2, 3, 7550, 2, 9, 11, 0, 1, 883, 13, 13, 8893, 1037, 13, 2, 1 ],
[ 43, 9, 1, 3, 0, 7, 42, 0, 0, 0, 0, 0, 0, 0, 0, 0, 0, 0 ],
[ 43, 8, 1, 3, 236, 2, 9, 16, 0, 1, 1151, 18, 19, 24455, 1305, 18, 2, 0 ],
[ 43, 8, 1, 8, 0, 2, 61, 0, 0, 0, 0, 0, 0, 0, 0, 0, 0, 0 ],
[ 43, 7, 2, 3, 0, 2, 9, 15, 3, 4, 1110, 15, 4, 244, 1110, 15, 0, 0 ],
[ 43, 9, 2, 13, 19724, 2, 16, 4, 3, 2, 420, 4, 6, 366, 420, 4, 0, 0 ],
[ 43, 9, 2, 3, 0, 5, 79, 33, 1, 4, 2756, 37, 37, 41938, 3032, 37, 4, 0 ],
[ 43, 8, 2, 3, 0, 2, 16, 84, 13, 6, 7403, 86, 71, 117282, 7549, 86, 2, 0 ],
[ 43, 12, 6, 3, 5653, 1, 1, 8, 0, 3, 803, 12, 12, 2190, 1097, 12, 4, 0 ],
[ 43, 7, 1, 3, 497, 4, 1, 45, 3, 7, 4178, 51, 50, 44810, 4646, 51, 6, 0 ],
[ 44, 10, 1, 44, 2516, 2, 86, 22, 0, 2, 3444, 28, 24, 9819, 3908, 28, 6, 1 ],
[ 44, 11, 1, 3, 334, 1, 1, 0, 0, 0, 0, 0, 0, 0, 0, 0, 0, 0 ],
[ 44, 10, 2, 54, 0, 7, 1, 17, 7, 6, 1242, 17, 13, 962, 1242, 17, 0, 0 ],
[ 44, 10, 2, 3, 45958, 8, 26, 6, 6, 3, 540, 6, 8, 539, 540, 6, 0, 0 ],
[ 44, 7, 2, 3, 0, 2, 16, 14, 7, 12, 1092, 14, 15, 970, 1092, 14, 0, 0 ],
[ 44, 9, 2, 3, 44446, 8, 26, 157, 2, 5, 11053, 159, 176, 284743, 11211, 159, 2, 0 ],
[ 44, 9, 1, 3, 338, 1, 1, 9, 0, 2, 870, 11, 12, 5876, 1020, 11, 2, 0 ],
[ 44, 8, 1, 2, 345, 2, 6, 12, 4, 3, 972, 14, 16, 15901, 1118, 14, 2, 0 ],
[ 44, 8, 2, 55, 25825, 2, 9, 71, 1, 6, 5647, 79, 79, 120385, 6295, 79, 8, 0 ],
[ 44, 8, 2, 0, 0, 2, 41, 23, 6, 9, 1942, 27, 25, 15275, 2222, 27, 4, 0 ],
[ 44, 10, 1, 14, 360, 2, 5, 16, 3, 4, 1480, 20, 23, 10665, 1776, 20, 4, 0 ],
[ 44, 8, 2, 0, 0, 2, 41, 18, 0, 3, 2274, 22, 21, 31811, 2554, 22, 4, 0 ],
[ 45, 10, 1, 3, 0, 1, 1, 4, 0, 2, 531, 6, 6, 494, 681, 6, 2, 1 ],
[ 45, 10, 1, 3, 6264, 1, 1, 0, 0, 0, 0, 0, 0, 0, 0, 0, 0, 0 ],
[ 45, 7, 1, 56, 185, 2, 25, 0, 0, 0, 0, 0, 0, 0, 0, 0, 0, 0 ],
[ 45, 7, 2, 3, 4764, 2, 16, 0, 0, 0, 0, 0, 0, 0, 0, 0, 0, 0 ],
[ 45, 11, 2, 3, 3042, 2, 9, 14, 0, 7, 1201, 18, 17, 4922, 1495, 18, 4, 0 ],
[ 45, 9, 2, 3, 44447, 8, 26, 185, 0, 2, 13834, 187, 263, 488313, 13992, 187, 2, 0 ],
[ 45, 8, 1, 17, 226, 2, 51, 44, 0, 2, 4044, 46, 46, 82259, 4204, 46, 2, 0 ],
[ 45, 10, 1, 57, 217, 1, 1, 28, 2, 5, 3409, 30, 19, 18392, 3565, 30, 2, 0 ],
[ 45, 8, 1, 3, 191, 7, 98, 3, 0, 1, 198, 3, 3, 186, 198, 3, 0, 0 ],
[ 45, 9, 2, 3, 23771, 2, 25, 19, 0, 2, 1801, 23, 25, 26643, 2097, 23, 4, 0 ],
[ 45, 9, 1, 3, 0, 7, 42, 70, 3, 8, 5631, 77, 65, 82281, 6091, 77, 6, 0 ],
[ 45, 8, 1, 3, 0, 2, 37, 26, 16, 5, 3891, 34, 35, 37000, 4567, 34, 8, 0 ],
[ 46, 9, 1, 17, 231, 1, 1, 0, 0, 0, 0, 0, 0, 0, 0, 0, 0, 0 ],
[ 46, 9, 1, 3, 2393, 2, 23, 29, 14, 4, 3416, 35, 35, 17574, 3858, 35, 6, 0 ],
[ 46, 8, 2, 7, 22479, 2, 41, 7, 6, 4, 606, 7, 8, 496, 606, 7, 0, 0 ],
[ 46, 10, 1, 3, 344, 17, 52, 5, 3, 3, 498, 5, 8, 504, 498, 5, 0, 0 ],
[ 46, 10, 2, 28, 0, 2, 55, 20, 6, 10, 1392, 20, 12, 766, 1392, 20, 0, 0 ],
[ 46, 8, 2, 3, 193, 2, 39, 7, 0, 2, 680, 11, 10, 1363, 1002, 11, 4, 0 ],
[ 46, 10, 2, 3, 66804, 2, 62, 44, 2, 7, 3516, 48, 36, 33488, 3808, 48, 4, 0 ],
[ 46, 12, 1, 3, 235, 1, 1, 12, 0, 3, 1351, 16, 15, 9692, 1641, 16, 4, 0 ],
[ 46, 10, 2, 3, 0, 1, 1, 15, 5, 11, 1244, 17, 23, 1616, 1384, 17, 2, 0 ],
[ 46, 8, 1, 58, 333, 2, 87, 125, 0, 1, 8528, 129, 145, 231799, 8856, 129, 4, 0 ],
[ 46, 9, 2, 13, 10303, 7, 90, 197, 0, 3, 13622, 200, 255, 486769, 13794, 200, 2, 0 ],
[ 47, 11, 1, 33, 0, 9, 15, 26, 11, 7, 3213, 34, 32, 16931, 3821, 34, 8, 1 ],
[ 47, 8, 1, 3, 7362, 9, 15, 0, 0, 0, 0, 0, 0, 0, 0, 0, 0, 0 ],
[ 47, 9, 2, 0, 0, 2, 41, 0, 0, 0, 0, 0, 0, 0, 0, 0, 0, 0 ],
[ 47, 10, 1, 38, 423, 1, 1, 0, 0, 0, 0, 0, 0, 0, 0, 0, 0, 0 ],
[ 47, 9, 2, 3, 17647, 1, 1, 9, 7, 5, 750, 9, 10, 744, 750, 9, 0, 0 ],
[ 47, 10, 2, 54, 0, 7, 1, 7, 7, 3, 618, 7, 10, 624, 618, 7, 0, 0 ],
[ 47, 9, 2, 0, 0, 2, 113, 17, 7, 10, 1182, 17, 11, 670, 1182, 17, 0, 0 ],
[ 47, 10, 2, 54, 0, 7, 1, 14, 1, 3, 2133, 20, 18, 3258, 2609, 20, 6, 0 ],
[ 47, 11, 2, 4, 0, 1, 1, 15, 1, 7, 1552, 21, 20, 2790, 2000, 21, 6, 0 ],
[ 47, 9, 2, 28, 0, 2, 46, 31, 0, 6, 3312, 35, 38, 36225, 3612, 35, 4, 0 ],
[ 47, 8, 1, 59, 479, 8, 26, 31, 7, 8, 3007, 35, 29, 23628, 3335, 35, 4, 0 ],
[ 47, 11, 2, 60, 10804, 1, 1, 4, 2, 4, 296, 6, 9, 778, 442, 6, 2, 0 ],
[ 47, 9, 2, 3, 14889, 1, 1, 9, 1, 2, 1180, 13, 15, 1834, 1484, 13, 4, 0 ],
[ 47, 10, 2, 50, 9527, 4, 101, 23, 2, 4, 2112, 29, 31, 13191, 2530, 29, 6, 0 ],
[ 47, 10, 1, 3, 0, 7, 42, 33, 3, 6, 2457, 35, 36, 68869, 2617, 35, 2, 0 ],
[ 47, 8, 1, 61, 0, 2, 23, 76, 3, 7, 5283, 78, 100, 268442, 5451, 78, 2, 0 ],
[ 47, 9, 2, 3, 44446, 8, 26, 0, 0, 0, 0, 0, 0, 0, 0, 0, 0, 0 ],
[ 48, 10, 1, 44, 2516, 2, 86, 22, 0, 2, 3448, 28, 24, 9819, 3912, 28, 6, 1 ],
[ 48, 11, 1, 44, 2516, 2, 86, 24, 0, 2, 4041, 30, 25, 12420, 4505, 30, 6, 1 ],
[ 48, 14, 2, 3, 0, 23, 80, 48, 0, 1, 3450, 50, 51, 66124, 3602, 50, 2, 1 ],
[ 48, 10, 2, 3, 67135, 2, 62, 0, 0, 0, 0, 0, 0, 0, 0, 0, 0, 0 ],
[ 48, 11, 1, 3, 0, 7, 42, 0, 0, 0, 0, 0, 0, 0, 0, 0, 0, 0 ],
[ 48, 9, 2, 62, 16333, 2, 61, 0, 0, 0, 0, 0, 0, 0, 0, 0, 0, 0 ],
[ 48, 10, 2, 54, 0, 7, 1, 0, 0, 0, 0, 0, 0, 0, 0, 0, 0, 0 ],
[ 48, 11, 1, 3, 288, 1, 1, 0, 0, 0, 0, 0, 0, 0, 0, 0, 0, 0 ],
[ 48, 9, 1, 7, 13913, 23, 1, 10, 3, 3, 1224, 16, 15, 1814, 1696, 16, 6, 0 ],
[ 48, 9, 1, 3, 333, 2, 16, 5, 3, 3, 498, 5, 8, 504, 498, 5, 0, 0 ],
[ 48, 11, 2, 32, 1371, 1, 1, 26, 2, 8, 2873, 34, 37, 5727, 3453, 34, 8, 0 ],
[ 48, 10, 2, 3, 58, 2, 5, 24, 6, 12, 2634, 28, 26, 4384, 2932, 28, 4, 0 ],
[ 48, 9, 2, 3, 46579, 8, 26, 113, 0, 3, 7746, 117, 134, 229040, 8062, 117, 4, 0 ],
[ 49, 13, 2, 3, 0, 23, 80, 50, 0, 2, 3571, 52, 55, 66449, 3723, 52, 2, 1 ],
[ 49, 9, 1, 3, 959, 2, 36, 0, 0, 0, 0, 0, 0, 0, 0, 0, 0, 0 ],
[ 49, 10, 2, 3, 19361, 35, 120, 0, 0, 0, 0, 0, 0, 0, 0, 0, 0, 0 ],
[ 49, 9, 1, 35, 475, 1, 1, 14, 0, 1, 1205, 16, 18, 16593, 1383, 16, 2, 0 ],
[ 49, 11, 2, 3, 0, 1, 1, 25, 6, 11, 1662, 25, 12, 799, 1662, 25, 0, 0 ],
[ 49, 10, 1, 3, 0, 7, 42, 15, 6, 8, 1122, 15, 11, 702, 1122, 15, 0, 0 ],
[ 49, 12, 1, 63, 506, 1, 1, 22, 19, 7, 1476, 22, 18, 1344, 1476, 22, 0, 0 ],
[ 49, 9, 2, 50, 0, 2, 9, 18, 15, 2, 2736, 18, 13, 4846, 2736, 18, 0, 0 ],
[ 49, 9, 2, 3, 5005, 2, 9, 3, 3, 1, 366, 3, 5, 306, 366, 3, 0, 0 ],
[ 49, 7, 1, 3, 2367, 2, 46, 6, 3, 3, 552, 6, 7, 436, 552, 6, 0, 0 ],
[ 49, 9, 1, 3, 128, 2, 25, 5, 4, 3, 474, 5, 8, 490, 474, 5, 0, 0 ],
[ 49, 10, 2, 3, 66441, 2, 62, 14, 1, 3, 1567, 18, 20, 6818, 1859, 18, 4, 0 ],
[ 49, 9, 2, 3, 44393, 8, 26, 8, 0, 5, 516, 8, 2, 124, 516, 8, 0, 0 ],
[ 49, 10, 2, 4, 6881, 2, 23, 26, 0, 7, 2270, 30, 24, 10000, 2562, 30, 4, 0 ],
[ 49, 10, 2, 0, 0, 2, 113, 51, 46, 3, 5413, 57, 61, 64860, 5841, 57, 6, 0 ],
[ 49, 11, 1, 3, 1368, 1, 1, 0, 0, 0, 0, 0, 2, 124, 0, 0, 0, 0 ],
[ 49, 10, 1, 3, 0, 7, 42, 0, 0, 0, 0, 0, 0, 0, 0, 0, 0, 0 ],
[ 49, 10, 1, 3, 236, 2, 89, 21, 7, 2, 2681, 27, 26, 21979, 3159, 27, 6, 0 ],
[ 49, 9, 2, 13, 101, 7, 88, 0, 0, 0, 0, 0, 0, 0, 0, 0, 0, 0 ],
[ 50, 13, 2, 3, 0, 23, 80, 47, 0, 1, 3386, 51, 53, 66317, 3696, 51, 4, 1 ],
[ 50, 9, 2, 3, 43996, 8, 26, 0, 0, 0, 0, 0, 0, 0, 0, 0, 0, 0 ],
[ 50, 10, 1, 3, 13076, 2, 50, 0, 0, 0, 0, 0, 0, 0, 0, 0, 0, 0 ],
[ 50, 10, 2, 3, 6953, 8, 56, 0, 0, 0, 0, 0, 0, 0, 0, 0, 0, 0 ],
[ 50, 9, 2, 0, 0, 2, 9, 5, 3, 3, 498, 5, 6, 372, 498, 5, 0, 0 ],
[ 50, 10, 1, 64, 0, 1, 1, 94, 3, 8, 6904, 98, 103, 197501, 7208, 98, 4, 0 ],
[ 50, 11, 1, 3, 2797, 1, 1, 35, 0, 4, 2949, 39, 43, 43296, 3263, 39, 4, 0 ],
[ 50, 12, 1, 65, 0, 2, 23, 17, 0, 5, 1570, 21, 21, 6049, 1842, 21, 4, 0 ],
[ 50, 11, 2, 3, 435494, 1, 1, 226, 6, 6, 15162, 228, 284, 383760, 15314, 228, 2, 0 ],
[ 50, 10, 2, 13, 1970, 2, 50, 0, 0, 0, 0, 0, 0, 0, 0, 0, 0, 0 ],
[ 51, 14, 2, 3, 0, 23, 80, 46, 0, 1, 3321, 48, 49, 66184, 3473, 48, 2, 1 ],
[ 51, 10, 2, 37, 0, 2, 39, 0, 0, 0, 0, 0, 0, 0, 0, 0, 0, 0 ],
[ 51, 8, 2, 55, 25866, 2, 9, 0, 0, 0, 0, 0, 0, 0, 0, 0, 0, 0 ],
[ 51, 10, 1, 66, 231, 18, 81, 7, 1, 2, 769, 9, 10, 1298, 909, 9, 2, 0 ],
[ 51, 10, 2, 3, 9890, 1, 1, 9, 6, 7, 762, 9, 10, 640, 762, 9, 0, 0 ],
[ 51, 11, 1, 3, 239, 2, 89, 0, 0, 0, 0, 0, 0, 0, 0, 0, 0, 0 ],
[ 51, 8, 1, 3, 57, 2, 22, 0, 0, 0, 0, 0, 0, 0, 0, 0, 0, 0 ],
[ 51, 11, 1, 3, 557, 2, 16, 0, 0, 0, 0, 0, 0, 0, 0, 0, 0, 0 ],
[ 52, 14, 2, 3, 0, 23, 80, 41, 0, 1, 2992, 43, 44, 65646, 3144, 43, 2, 1 ],
[ 52, 14, 4, 55, 0, 18, 124, 14, 1, 8, 1151, 18, 15, 1211, 1445, 18, 4, 1 ],
[ 52, 10, 2, 4, 5315, 2, 9, 0, 0, 0, 0, 0, 0, 0, 0, 0, 0, 0 ],
[ 52, 10, 2, 3, 0, 2, 9, 0, 0, 0, 0, 0, 0, 0, 0, 0, 0, 0 ],
[ 52, 11, 2, 3, 8105, 35, 120, 13, 0, 3, 1428, 17, 11, 1504, 1712, 17, 4, 0 ],
[ 52, 10, 1, 24, 1235, 2, 23, 4, 3, 2, 432, 4, 6, 376, 432, 4, 0, 0 ],
[ 52, 10, 2, 50, 0, 2, 60, 5, 3, 3, 486, 5, 7, 436, 486, 5, 0, 0 ],
[ 52, 9, 2, 3, 44313, 8, 26, 4, 4, 1, 420, 4, 5, 414, 420, 4, 0, 0 ],
[ 52, 11, 2, 7, 0, 1, 1, 60, 4, 5, 4466, 62, 63, 95122, 4602, 62, 2, 0 ],
[ 52, 10, 2, 3, 17167, 1, 1, 10, 1, 4, 1257, 14, 15, 1919, 1555, 14, 4, 0 ],
[ 52, 10, 2, 0, 0, 2, 113, 51, 35, 10, 5314, 57, 62, 51761, 5742, 57, 6, 0 ],
[ 52, 10, 1, 3, 5443, 8, 24, 0, 0, 0, 0, 0, 0, 0, 0, 0, 0, 0 ],
[ 53, 10, 1, 67, 22897, 1, 1, 9, 5, 7, 762, 9, 10, 640, 762, 9, 0, 0 ],
[ 53, 11, 2, 32, 8466, 2, 45, 26, 8, 11, 1668, 26, 13, 894, 1668, 26, 0, 0 ],
[ 53, 9, 2, 68, 2023, 2, 61, 12, 3, 3, 960, 12, 16, 1024, 960, 12, 0, 0 ],
[ 53, 12, 1, 3, 211, 1, 1, 15, 2, 5, 1944, 21, 21, 2698, 2416, 21, 6, 0 ],
[ 53, 12, 1, 3, 359174, 8, 26, 15, 4, 3, 2232, 19, 22, 3283, 2532, 19, 4, 0 ],
[ 54, 11, 1, 3, 228, 2, 16, 5, 0, 2, 582, 9, 9, 1097, 882, 9, 4, 1 ],
[ 54, 11, 1, 2, 17140, 2, 9, 29, 1, 7, 4558, 31, 37, 26259, 4724, 31, 2, 1 ],
[ 54, 9, 1, 58, 341, 2, 87, 0, 0, 0, 0, 0, 0, 0, 0, 0, 0, 0 ],
[ 54, 12, 1, 69, 2503, 1, 1, 0, 0, 0, 0, 0, 0, 0, 0, 0, 0, 0 ],
[ 54, 12, 1, 4, 0, 1, 1, 0, 0, 0, 0, 0, 0, 0, 0, 0, 0, 0 ],
[ 54, 9, 1, 37, 3020, 8, 26, 34, 7, 6, 2881, 38, 33, 39646, 3219, 38, 4, 0 ],
[ 54, 10, 2, 50, 0, 18, 58, 3, 3, 1, 366, 3, 3, 182, 366, 3, 0, 0 ],
[ 54, 12, 1, 4, 0, 1, 1, 12, 9, 6, 900, 12, 10, 696, 900, 12, 0, 0 ],
[ 54, 10, 2, 0, 0, 2, 9, 37, 0, 5, 7178, 43, 41, 20954, 7644, 43, 6, 0 ],
[ 54, 10, 1, 3, 5438, 2, 3, 40, 9, 9, 4562, 44, 44, 49870, 4884, 44, 4, 0 ],
[ 54, 12, 1, 4, 0, 1, 1, 29, 0, 2, 2903, 37, 37, 30772, 3525, 37, 8, 0 ],
[ 54, 9, 2, 3, 193, 2, 41, 4, 1, 3, 280, 6, 7, 542, 422, 6, 2, 0 ],
[ 54, 11, 2, 3, 26, 2, 6, 20, 11, 6, 3025, 26, 25, 9200, 3479, 26, 6, 0 ],
[ 54, 11, 2, 10, 9208, 7, 88, 0, 0, 0, 0, 0, 0, 0, 0, 0, 0, 0 ],
[ 55, 12, 2, 3, 0, 23, 80, 52, 0, 1, 3721, 54, 57, 66445, 3873, 54, 2, 1 ],
[ 55, 12, 1, 33, 0, 9, 15, 26, 12, 3, 3229, 34, 32, 16895, 3837, 34, 8, 1 ],
[ 55, 10, 1, 3, 14953, 2, 23, 0, 0, 0, 0, 0, 0, 0, 0, 0, 0, 0 ],
[ 55, 9, 2, 3, 2080, 2, 9, 0, 0, 0, 0, 0, 0, 0, 0, 0, 0, 0 ],
[ 55, 12, 2, 7, 0, 2, 65, 0, 0, 0, 0, 0, 0, 0, 0, 0, 0, 0 ],
[ 55, 10, 2, 3, 0, 2, 6, 0, 0, 0, 0, 0, 0, 0, 0, 0, 0, 0 ],
[ 55, 12, 2, 3, 66702, 2, 62, 0, 0, 0, 0, 0, 0, 0, 0, 0, 0, 0 ],
[ 55, 10, 2, 70, 13898, 2, 76, 31, 3, 5, 3590, 35, 40, 35749, 3886, 35, 4, 0 ],
[ 55, 10, 2, 3, 44324, 8, 26, 4, 3, 2, 432, 4, 4, 244, 432, 4, 0, 0 ],
[ 55, 12, 2, 0, 0, 2, 113, 36, 27, 7, 4405, 42, 47, 46271, 4833, 42, 6, 0 ],
[ 55, 11, 2, 0, 0, 2, 113, 48, 39, 11, 5137, 55, 61, 67877, 5597, 55, 6, 0 ],
[ 56, 8, 1, 3, 257, 2, 9, 0, 0, 0, 0, 0, 2, 124, 0, 0, 0, 0 ],
[ 56, 11, 2, 13, 7215, 2, 9, 0, 0, 0, 0, 0, 0, 0, 0, 0, 0, 0 ],
[ 56, 9, 2, 13, 965, 8, 53, 0, 0, 0, 0, 0, 0, 0, 0, 0, 0, 0 ],
[ 56, 12, 2, 3, 3042, 2, 9, 0, 0, 0, 0, 0, 0, 0, 0, 0, 0, 0 ],
[ 56, 11, 2, 50, 8741, 2, 61, 0, 0, 0, 0, 0, 0, 0, 0, 0, 0, 0 ],
[ 56, 11, 1, 3, 229, 1, 1, 5, 5, 3, 450, 5, 7, 479, 450, 5, 0, 0 ],
[ 56, 11, 1, 3, 189, 1, 1, 25, 13, 7, 2910, 31, 30, 7648, 3402, 31, 6, 0 ],
[ 56, 9, 1, 71, 0, 8, 24, 15, 2, 5, 1944, 21, 21, 2698, 2416, 21, 6, 0 ],
[ 56, 13, 2, 3, 67283, 2, 62, 37, 3, 5, 3050, 43, 44, 65986, 3492, 43, 6, 0 ],
[ 56, 9, 1, 3, 1264, 20, 50, 0, 0, 0, 0, 0, 0, 0, 0, 0, 0, 0 ],
[ 56, 9, 1, 3, 225, 1, 1, 0, 0, 0, 0, 0, 0, 0, 0, 0, 0, 0 ],
[ 56, 11, 2, 3, 17541, 2, 9, 0, 0, 0, 0, 0, 0, 0, 0, 0, 0, 0 ],
[ 56, 11, 2, 72, 3782, 9, 15, 0, 0, 0, 0, 0, 0, 0, 0, 0, 0, 0 ],
[ 57, 9, 1, 3, 355, 2, 6, 0, 0, 0, 0, 0, 0, 0, 0, 0, 0, 0 ],
[ 57, 11, 2, 43, 5796, 2, 16, 0, 0, 0, 0, 0, 0, 0, 0, 0, 0, 0 ],
[ 57, 10, 2, 0, 0, 2, 113, 0, 0, 0, 0, 0, 0, 0, 0, 0, 0, 0 ],
[ 57, 11, 2, 73, 448, 1, 1, 2, 2, 1, 356, 2, 4, 246, 356, 2, 0, 0 ],
[ 57, 11, 2, 50, 17249, 1, 1, 15, 13, 7, 1062, 15, 19, 1354, 1062, 15, 0, 0 ],
[ 57, 12, 2, 32, 6828, 1, 1, 13, 4, 7, 1074, 13, 5, 306, 1074, 13, 0, 0 ],
[ 57, 10, 2, 3, 0, 1, 1, 16, 0, 7, 1293, 20, 19, 1754, 1617, 20, 4, 0 ],
[ 57, 12, 1, 74, 11202, 2, 50, 79, 2, 7, 5863, 83, 83, 127368, 6173, 83, 4, 0 ],
[ 57, 9, 2, 75, 6588, 17, 52, 19, 8, 10, 1764, 23, 24, 2364, 2120, 23, 4, 0 ],
[ 57, 10, 1, 2, 345, 2, 9, 31, 0, 5, 2335, 33, 37, 35231, 2493, 33, 2, 0 ],
[ 57, 11, 2, 0, 0, 2, 113, 32, 26, 3, 4195, 38, 45, 45691, 4623, 38, 6, 0 ],
[ 57, 10, 1, 3, 21046, 2, 23, 107, 4, 4, 8986, 111, 148, 234205, 9294, 111, 4, 0 ],
[ 57, 11, 2, 3, 0, 2, 5, 9, 0, 3, 871, 11, 12, 4257, 1021, 11, 2, 0 ],
[ 57, 11, 1, 3, 241, 2, 89, 0, 0, 0, 0, 0, 0, 0, 0, 0, 0, 0 ],
[ 57, 7, 2, 32, 1182, 1, 1, 10, 3, 5, 949, 14, 15, 2597, 1309, 14, 4, 0 ],
[ 57, 11, 1, 3, 10280, 2, 50, 0, 0, 0, 0, 0, 0, 0, 0, 0, 0, 0 ],
[ 58, 12, 2, 3, 0, 23, 80, 50, 0, 1, 3592, 52, 53, 66100, 3744, 52, 2, 1 ],
[ 58, 12, 2, 3, 0, 2, 23, 0, 0, 0, 0, 0, 0, 0, 0, 0, 0, 0 ],
[ 58, 8, 2, 3, 58, 2, 25, 0, 0, 0, 0, 0, 0, 0, 0, 0, 0, 0 ],
[ 58, 8, 1, 2, 345, 2, 6, 9, 0, 3, 1481, 13, 12, 1327, 1773, 13, 4, 0 ],
[ 58, 10, 2, 60, 1688, 2, 16, 17, 15, 4, 1146, 17, 5, 416, 1146, 17, 0, 0 ],
[ 58, 11, 2, 0, 0, 2, 113, 0, 0, 0, 0, 0, 0, 0, 0, 0, 0, 0 ],
[ 58, 11, 1, 0, 1179, 2, 113, 0, 0, 0, 0, 0, 0, 0, 0, 0, 0, 0 ],
[ 59, 11, 2, 0, 0, 2, 113, 0, 0, 0, 0, 0, 0, 0, 0, 0, 0, 0 ],
[ 59, 11, 1, 13, 0, 2, 89, 0, 0, 0, 0, 0, 0, 0, 0, 0, 0, 0 ],
[ 59, 10, 2, 76, 19404, 2, 50, 0, 0, 0, 0, 0, 0, 0, 0, 0, 0, 0 ],
[ 59, 10, 1, 5, 352, 18, 1, 0, 0, 0, 0, 0, 0, 0, 0, 0, 0, 0 ],
[ 59, 10, 2, 12, 0, 14, 1, 10, 3, 8, 828, 10, 16, 1036, 828, 10, 0, 0 ],
[ 59, 11, 2, 77, 0, 1, 1, 10, 7, 5, 768, 10, 13, 890, 768, 10, 0, 0 ],
[ 59, 11, 1, 3, 5290, 2, 6, 17, 2, 2, 1684, 21, 22, 14589, 2012, 21, 4, 0 ],
[ 59, 10, 2, 3, 0, 2, 41, 10, 1, 3, 1300, 14, 15, 13818, 1618, 14, 4, 0 ],
[ 59, 11, 1, 18, 125, 2, 18, 38, 4, 10, 3936, 44, 46, 29443, 4404, 44, 6, 0 ],
[ 59, 11, 1, 3, 5290, 2, 6, 0, 0, 0, 0, 0, 0, 0, 0, 0, 0, 0 ],
[ 60, 11, 1, 3, 0, 2, 89, 0, 0, 0, 0, 0, 0, 0, 0, 0, 0, 0 ],
[ 60, 11, 1, 3, 198, 33, 1, 3, 1, 2, 238, 5, 7, 654, 394, 5, 2, 0 ],
[ 60, 11, 1, 3, 243, 2, 89, 0, 0, 0, 0, 0, 0, 0, 0, 0, 0, 0 ],
[ 60, 10, 2, 12, 8774, 32, 1, 6, 6, 3, 540, 6, 9, 617, 540, 6, 0, 0 ],
[ 60, 13, 2, 3, 0, 1, 1, 10, 8, 2, 12231, 10, 11, 1186, 12231, 10, 0, 0 ],
[ 60, 11, 1, 3, 0, 8, 68, 29, 1, 4, 2630, 35, 35, 35655, 3102, 35, 6, 0 ],
[ 60, 11, 2, 3, 40582, 2, 23, 101, 4, 15, 7002, 107, 79, 172138, 7422, 107, 6, 0 ],
[ 60, 12, 2, 3, 0, 1, 1, 113, 0, 3, 7746, 117, 134, 229040, 8062, 117, 4, 0 ],
[ 60, 9, 2, 78, 824, 2, 84, 0, 0, 0, 0, 0, 0, 0, 0, 0, 0, 0 ],
[ 60, 13, 2, 3, 0, 2, 22, 0, 0, 0, 0, 0, 0, 0, 0, 0, 0, 0 ],
[ 61, 12, 1, 3, 526, 29, 1, 0, 0, 0, 0, 0, 2, 124, 0, 0, 0, 1 ],
[ 61, 12, 1, 7, 4576, 2, 6, 0, 0, 0, 0, 0, 0, 0, 0, 0, 0, 0 ],
[ 61, 12, 2, 4, 39198, 1, 1, 0, 0, 0, 0, 0, 0, 0, 0, 0, 0, 0 ],
[ 61, 10, 1, 3, 6473, 1, 1, 0, 0, 0, 0, 0, 0, 0, 0, 0, 0, 0 ],
[ 61, 11, 1, 79, 11780, 2, 41, 20, 1, 5, 1930, 28, 24, 8029, 2610, 28, 8, 0 ],
[ 61, 12, 1, 3, 0, 2, 9, 22, 5, 10, 1673, 24, 22, 2525, 1837, 24, 2, 0 ],
[ 61, 12, 1, 3, 0, 1, 1, 5, 3, 3, 498, 5, 7, 438, 498, 5, 0, 0 ],
[ 61, 10, 2, 0, 0, 2, 113, 5, 5, 3, 498, 5, 8, 508, 498, 5, 0, 0 ],
[ 61, 12, 2, 0, 0, 2, 113, 20, 8, 7, 1344, 20, 10, 739, 1344, 20, 0, 0 ],
[ 61, 11, 1, 3, 0, 2, 76, 7, 3, 3, 582, 7, 5, 306, 582, 7, 0, 0 ],
[ 61, 11, 2, 3, 8864, 1, 1, 26, 18, 4, 3798, 34, 36, 18719, 4444, 34, 8, 0 ],
[ 61, 13, 1, 3, 267, 2, 23, 7, 1, 3, 743, 11, 13, 1520, 1033, 11, 4, 0 ],
[ 62, 13, 1, 3, 6567, 2, 6, 8, 0, 2, 1089, 14, 13, 1977, 1601, 14, 6, 0 ],
[ 62, 13, 1, 3, 6567, 2, 6, 0, 0, 0, 0, 0, 0, 0, 0, 0, 0, 0 ],
[ 62, 12, 1, 3, 20986, 2, 23, 0, 0, 0, 0, 0, 0, 0, 0, 0, 0, 0 ],
[ 62, 13, 2, 3, 12440, 8, 56, 0, 0, 0, 0, 0, 0, 0, 0, 0, 0, 0 ],
[ 62, 10, 1, 17, 245, 2, 51, 0, 0, 0, 0, 0, 0, 0, 0, 0, 0, 0 ],
[ 62, 11, 1, 13, 0, 2, 89, 11, 5, 4, 1040, 15, 19, 2206, 1374, 15, 4, 0 ],
[ 62, 11, 2, 27, 2192, 11, 135, 32, 8, 11, 2772, 38, 37, 32655, 3258, 38, 6, 0 ],
[ 62, 12, 1, 3, 0, 7, 42, 0, 0, 0, 0, 0, 0, 0, 0, 0, 0, 0 ],
[ 63, 12, 2, 13, 7221, 2, 9, 0, 0, 0, 0, 0, 0, 0, 0, 0, 0, 0 ],
[ 63, 12, 2, 3, 0, 2, 16, 0, 0, 0, 0, 0, 0, 0, 0, 0, 0, 0 ],
[ 63, 9, 1, 2, 345, 1, 1, 4, 2, 2, 408, 4, 7, 448, 408, 4, 0, 0 ],
[ 63, 12, 2, 3, 0, 1, 1, 48, 0, 1, 3840, 52, 51, 52729, 4156, 52, 4, 0 ],
[ 63, 14, 1, 3, 0, 8, 56, 26, 7, 6, 2506, 30, 25, 2966, 2814, 30, 4, 0 ],
[ 63, 11, 1, 3, 3475, 2, 84, 31, 5, 6, 2293, 33, 24, 17664, 2459, 33, 2, 0 ],
[ 63, 10, 2, 3, 18235, 2, 41, 4, 1, 2, 583, 6, 8, 737, 735, 6, 2, 0 ],
[ 63, 14, 1, 38, 320, 1, 1, 188, 25, 9, 14064, 194, 217, 298694, 14522, 194, 6, 0 ],
[ 63, 11, 1, 3, 5858, 1, 1, 19, 10, 1, 3181, 25, 25, 16286, 3605, 25, 6, 0 ],
[ 64, 13, 1, 3, 0, 2, 9, 0, 0, 0, 0, 0, 0, 0, 0, 0, 0, 0 ],
[ 64, 13, 1, 3, 19111, 2, 23, 0, 0, 0, 0, 0, 0, 0, 0, 0, 0, 0 ],
[ 64, 13, 2, 0, 0, 2, 113, 0, 0, 0, 0, 0, 0, 0, 0, 0, 0, 0 ],
[ 64, 10, 2, 50, 0, 2, 9, 0, 0, 0, 0, 0, 0, 0, 0, 0, 0, 0 ],
[ 64, 10, 2, 3, 0, 11, 136, 15, 2, 5, 1238, 17, 9, 760, 1430, 17, 2, 0 ],
[ 64, 11, 2, 50, 0, 2, 60, 2, 2, 1, 276, 2, 4, 246, 276, 2, 0, 0 ],
[ 64, 13, 2, 0, 0, 2, 113, 10, 2, 6, 1197, 14, 17, 1374, 1503, 14, 4, 0 ],
[ 64, 11, 1, 3, 9498, 4, 137, 10, 1, 3, 1256, 14, 16, 1909, 1580, 14, 4, 0 ],
[ 64, 11, 2, 0, 0, 2, 113, 39, 18, 14, 4631, 49, 42, 12921, 5353, 49, 10, 0 ],
[ 65, 12, 2, 0, 0, 2, 113, 0, 0, 0, 0, 0, 0, 0, 0, 0, 0, 0 ],
[ 65, 11, 1, 3, 36377, 2, 23, 0, 0, 0, 0, 0, 0, 0, 0, 0, 0, 0 ],
[ 65, 11, 1, 4, 12339, 1, 1, 18, 8, 7, 1634, 22, 23, 14294, 1922, 22, 4, 0 ],
[ 65, 14, 2, 3, 0, 2, 41, 326, 317, 3, 26631, 330, 442, 947971, 26931, 330, 4, 0 ],
[ 65, 13, 1, 4, 330, 1, 1, 30, 2, 9, 2510, 34, 34, 34105, 2810, 34, 4, 0 ],
[ 65, 12, 1, 3, 0, 2, 76, 29, 7, 6, 3999, 37, 37, 17322, 4619, 37, 8, 0 ],
[ 65, 11, 1, 3, 245, 2, 89, 0, 0, 0, 0, 0, 0, 0, 0, 0, 0, 0 ],
[ 66, 14, 2, 3, 58, 2, 25, 15, 1, 7, 1863, 19, 18, 7303, 2175, 19, 4, 1 ],
[ 66, 13, 2, 27, 14750, 1, 1, 0, 0, 0, 0, 0, 0, 0, 0, 0, 0, 0 ],
[ 66, 12, 2, 0, 0, 2, 113, 0, 0, 0, 0, 0, 0, 0, 0, 0, 0, 0 ],
[ 66, 12, 1, 17, 251, 1, 1, 11, 1, 7, 1012, 15, 15, 1806, 1316, 15, 4, 0 ],
[ 66, 11, 1, 3, 241, 2, 140, 0, 0, 0, 0, 0, 0, 0, 0, 0, 0, 0 ],
[ 66, 15, 1, 3, 36571, 1, 1, 0, 0, 0, 0, 0, 0, 0, 0, 0, 0, 0 ],
[ 67, 12, 2, 80, 0, 1, 1, 0, 0, 0, 0, 0, 0, 0, 0, 0, 0, 0 ],
[ 67, 9, 1, 35, 4440, 2, 16, 0, 0, 0, 0, 0, 0, 0, 0, 0, 0, 0 ],
[ 67, 9, 1, 3, 355, 1, 1, 7, 5, 4, 606, 7, 7, 473, 606, 7, 0, 0 ],
[ 67, 13, 1, 3, 317, 2, 30, 8, 6, 6, 696, 8, 9, 574, 696, 8, 0, 0 ],
[ 67, 12, 1, 3, 197, 2, 6, 9, 1, 3, 1283, 13, 14, 1697, 1631, 13, 4, 0 ],
[ 67, 12, 1, 3, 15742, 2, 23, 16, 6, 6, 2135, 20, 22, 3485, 2443, 20, 4, 0 ],
[ 67, 11, 2, 3, 26117, 2, 5, 16, 9, 5, 2381, 20, 24, 5596, 2675, 20, 4, 0 ],
[ 67, 13, 2, 50, 0, 2, 84, 15, 0, 5, 1766, 21, 18, 2293, 2196, 21, 6, 0 ],
[ 68, 13, 1, 3, 0, 2, 23, 0, 0, 0, 0, 0, 0, 0, 0, 0, 0, 0 ],
[ 68, 14, 2, 3, 12606, 2, 23, 23, 9, 8, 2317, 27, 28, 3635, 2633, 27, 4, 0 ],
[ 68, 15, 2, 0, 0, 2, 113, 47, 37, 6, 5242, 53, 55, 49446, 5670, 53, 6, 0 ],
[ 68, 12, 2, 0, 0, 2, 113, 0, 0, 0, 0, 0, 0, 0, 0, 0, 0, 0 ],
[ 69, 13, 2, 3, 194, 2, 39, 10, 0, 4, 903, 14, 12, 1489, 1205, 14, 4, 1 ],
[ 69, 13, 1, 81, 248, 1, 1, 19, 6, 10, 1483, 23, 21, 2073, 1775, 23, 4, 0 ],
[ 69, 12, 2, 0, 0, 2, 113, 0, 0, 0, 0, 0, 0, 0, 0, 0, 0, 0 ],
[ 69, 12, 1, 3, 0, 2, 89, 4, 3, 2, 432, 4, 4, 244, 432, 4, 0, 0 ],
[ 69, 11, 2, 50, 0, 2, 30, 3, 3, 1, 366, 3, 4, 244, 366, 3, 0, 0 ],
[ 69, 12, 1, 3, 360, 41, 1, 23, 1, 10, 1783, 27, 26, 18427, 2095, 27, 4, 0 ],
[ 69, 12, 2, 0, 0, 2, 113, 29, 21, 7, 3997, 35, 30, 16884, 4425, 35, 6, 0 ],
[ 69, 11, 2, 3, 0, 1, 1, 23, 15, 10, 2708, 27, 30, 6195, 3036, 27, 4, 0 ],
[ 70, 12, 2, 3, 0, 1, 1, 15, 0, 3, 1150, 17, 17, 15499, 1304, 17, 2, 1 ],
[ 70, 15, 2, 3, 61974, 2, 62, 0, 0, 0, 0, 0, 0, 0, 0, 0, 0, 0 ],
[ 70, 14, 1, 82, 518, 7, 42, 0, 0, 0, 0, 0, 0, 0, 0, 0, 0, 0 ],
[ 70, 14, 1, 74, 8742, 2, 50, 0, 0, 0, 0, 0, 0, 0, 0, 0, 0, 0 ],
[ 70, 12, 1, 83, 0, 1, 1, 9, 0, 4, 916, 13, 15, 2074, 1216, 13, 4, 0 ],
[ 70, 13, 1, 3, 8187, 35, 142, 5, 5, 3, 498, 5, 8, 504, 498, 5, 0, 0 ],
[ 70, 13, 1, 3, 0, 1, 1, 33, 11, 8, 3523, 39, 33, 30933, 4041, 39, 6, 0 ],
[ 71, 13, 2, 0, 0, 2, 113, 0, 0, 0, 0, 0, 0, 0, 0, 0, 0, 0 ],
[ 71, 12, 2, 3, 13522, 2, 9, 30, 20, 10, 3317, 36, 35, 8700, 3747, 36, 6, 0 ],
[ 71, 14, 2, 0, 0, 1, 1, 19, 14, 4, 2877, 25, 23, 6649, 3317, 25, 6, 0 ],
[ 71, 12, 2, 0, 0, 2, 113, 65, 48, 7, 6391, 71, 77, 83389, 6819, 71, 6, 0 ],
[ 71, 11, 2, 50, 13596, 11, 144, 7, 2, 4, 1131, 12, 11, 1747, 1473, 12, 4, 0 ],
[ 72, 16, 2, 84, 0, 2, 23, 0, 0, 0, 0, 0, 0, 0, 0, 0, 0, 0 ],
[ 72, 12, 1, 3, 0, 2, 89, 0, 0, 0, 0, 0, 0, 0, 0, 0, 0, 0 ],
[ 72, 15, 2, 85, 0, 2, 9, 47, 13, 6, 6078, 53, 52, 40968, 6520, 53, 6, 0 ],
[ 72, 13, 2, 24, 0, 1, 1, 14, 14, 7, 972, 14, 16, 1144, 972, 14, 0, 0 ],
[ 72, 12, 2, 0, 0, 2, 113, 27, 21, 8, 3862, 33, 33, 11108, 4290, 33, 6, 0 ],
[ 72, 9, 1, 67, 2819, 25, 145, 39, 2, 13, 3042, 45, 26, 5914, 3520, 45, 6, 0 ],
[ 72, 12, 1, 3, 363, 41, 1, 28, 2, 5, 2490, 32, 29, 18969, 2802, 32, 4, 0 ],
[ 72, 13, 2, 3, 1832, 1, 1, 9, 0, 3, 1165, 15, 16, 1673, 1673, 15, 6, 0 ],
[ 72, 11, 1, 50, 0, 2, 10, 0, 0, 0, 0, 0, 0, 0, 0, 0, 0, 0 ],
[ 73, 17, 1, 7, 13240, 2, 39, 0, 0, 0, 0, 0, 0, 0, 0, 0, 0, 0 ],
[ 73, 13, 1, 13, 0, 2, 89, 0, 0, 0, 0, 0, 0, 0, 0, 0, 0, 0 ],
[ 73, 13, 1, 13, 0, 2, 89, 0, 0, 0, 0, 0, 0, 0, 0, 0, 0, 0 ],
[ 73, 13, 1, 13, 0, 2, 89, 27, 12, 5, 3149, 33, 34, 37964, 3647, 33, 6, 0 ],
[ 73, 15, 1, 38, 330, 2, 9, 0, 0, 0, 0, 0, 0, 0, 0, 0, 0, 0 ],
[ 73, 15, 2, 3, 44491, 8, 26, 208, 0, 1, 14530, 210, 278, 466055, 14688, 210, 2, 0 ],
[ 73, 11, 2, 47, 12487, 2, 65, 22, 11, 12, 1524, 22, 19, 1268, 1524, 22, 0, 0 ],
[ 73, 12, 2, 50, 17908, 1, 1, 17, 12, 3, 2396, 23, 25, 26621, 2856, 23, 6, 0 ],
[ 73, 12, 2, 0, 0, 2, 113, 49, 43, 4, 5365, 55, 60, 78671, 5793, 55, 6, 0 ],
[ 74, 15, 2, 50, 46884, 1, 1, 8, 0, 1, 432, 8, 2, 124, 432, 8, 0, 0 ],
[ 74, 13, 2, 0, 0, 2, 113, 3, 3, 1, 366, 3, 5, 306, 366, 3, 0, 0 ],
[ 75, 13, 2, 3, 193, 2, 39, 8, 0, 6, 801, 10, 9, 677, 951, 10, 2, 1 ],
[ 76, 12, 2, 3, 9672, 2, 128, 0, 0, 0, 0, 0, 0, 0, 0, 0, 0, 0 ],
[ 77, 13, 1, 3, 0, 2, 89, 17, 7, 9, 1206, 17, 15, 991, 1206, 17, 0, 0 ],
[ 78, 10, 2, 3, 23146, 2, 23, 0, 0, 0, 0, 0, 0, 0, 0, 0, 0, 0 ],
[ 78, 15, 1, 3, 13, 17, 149, 8, 0, 3, 528, 8, 2, 124, 528, 8, 0, 0 ],
[ 78, 10, 2, 3, 23144, 2, 23, 36, 3, 10, 2981, 42, 41, 31493, 3449, 42, 6, 0 ],
[ 78, 12, 2, 0, 0, 2, 113, 0, 0, 0, 0, 0, 0, 0, 0, 0, 0, 0 ],
[ 78, 17, 1, 3, 0, 2, 89, 0, 0, 0, 0, 0, 0, 0, 0, 0, 0, 0 ],
[ 79, 15, 2, 50, 46887, 2, 37, 0, 0, 0, 0, 0, 0, 0, 0, 0, 0, 0 ],
[ 79, 15, 2, 3, 0, 2, 16, 6, 3, 4, 564, 6, 8, 504, 564, 6, 0, 0 ],
[ 79, 15, 2, 86, 0, 1, 1, 15, 0, 4, 1301, 17, 7, 552, 1455, 17, 2, 0 ],
[ 80, 12, 2, 3, 471, 2, 9, 0, 0, 0, 0, 0, 0, 0, 0, 0, 0, 0 ],
[ 80, 16, 2, 0, 0, 2, 113, 0, 0, 0, 0, 0, 0, 0, 0, 0, 0, 0 ],
[ 80, 12, 1, 3, 236, 2, 78, 0, 0, 0, 0, 0, 0, 0, 0, 0, 0, 0 ],
[ 81, 18, 1, 13, 213, 2, 151, 11, 6, 1, 2088, 15, 15, 7459, 2388, 15, 4, 0 ],
[ 81, 15, 2, 3, 0, 1, 1, 53, 13, 11, 6257, 61, 64, 30118, 6891, 61, 8, 0 ],
[ 81, 15, 1, 3, 0, 2, 65, 17, 0, 3, 2281, 21, 22, 29619, 2581, 21, 4, 0 ],
[ 81, 12, 1, 3, 4897, 2, 115, 47, 3, 8, 3718, 51, 47, 44519, 4064, 51, 4, 0 ],
[ 82, 17, 1, 7, 9101, 1, 1, 20, 6, 5, 2638, 28, 25, 6137, 3208, 28, 8, 0 ],
[ 82, 12, 1, 3, 0, 2, 115, 0, 0, 0, 0, 0, 0, 0, 0, 0, 0, 0 ],
[ 83, 17, 2, 0, 0, 2, 113, 0, 0, 0, 0, 0, 0, 0, 0, 0, 0, 0 ],
[ 83, 11, 2, 3, 0, 17, 67, 11, 4, 4, 1278, 17, 16, 1874, 1750, 17, 6, 0 ],
[ 83, 19, 1, 12, 5866, 43, 152, 9, 0, 3, 1165, 15, 16, 1673, 1673, 15, 6, 0 ],
[ 83, 17, 2, 50, 46886, 1, 1, 0, 0, 0, 0, 0, 0, 0, 0, 0, 0, 0 ],
[ 84, 15, 2, 12, 11323, 2, 37, 25, 0, 5, 2262, 29, 27, 33205, 2588, 29, 4, 1 ],
[ 84, 17, 2, 3, 12773, 2, 86, 0, 0, 0, 0, 0, 0, 0, 0, 0, 0, 0 ],
[ 84, 12, 1, 13, 23412, 2, 16, 0, 0, 0, 0, 0, 0, 0, 0, 0, 0, 0 ],
[ 84, 15, 2, 3, 8326, 2, 13, 0, 0, 0, 0, 0, 0, 0, 0, 0, 0, 0 ],
[ 85, 13, 2, 12, 8364, 2, 37, 37, 0, 8, 3630, 43, 40, 34113, 4118, 43, 6, 1 ],
[ 86, 17, 2, 3, 58, 2, 87, 0, 0, 0, 0, 0, 0, 0, 0, 0, 0, 0 ],
[ 86, 16, 2, 14, 3500, 2, 16, 30, 8, 9, 2296, 30, 11, 688, 2296, 30, 0, 0 ],
[ 86, 16, 2, 13, 15108, 2, 9, 0, 0, 0, 0, 0, 0, 0, 0, 0, 0, 0 ],
[ 88, 15, 2, 3, 0, 1, 1, 11, 3, 4, 1346, 15, 16, 1725, 1670, 15, 4, 0 ],
[ 88, 13, 2, 3, 33799, 2, 23, 84, 32, 4, 7350, 90, 110, 143113, 7830, 90, 6, 0 ],
[ 89, 18, 2, 3, 0, 30, 154, 0, 0, 0, 0, 0, 2, 124, 0, 0, 0, 1 ],
[ 89, 20, 2, 87, 0, 2, 9, 4, 3, 2, 432, 4, 4, 244, 432, 4, 0, 0 ],
[ 89, 15, 2, 3, 19856, 2, 23, 73, 58, 6, 6789, 79, 89, 110553, 7245, 79, 6, 0 ],
[ 90, 17, 1, 3, 392, 2, 36, 7, 3, 3, 606, 7, 4, 244, 606, 7, 0, 0 ],
[ 91, 14, 2, 3, 9406, 44, 155, 13, 3, 6, 1591, 17, 15, 1936, 1931, 17, 4, 0 ],
[ 91, 19, 2, 6, 20, 24, 156, 0, 0, 0, 0, 0, 0, 0, 0, 0, 0, 0 ],
[ 92, 19, 2, 7, 5610, 2, 87, 0, 0, 0, 0, 0, 0, 0, 0, 0, 0, 0 ],
[ 92, 18, 2, 3, 30285, 2, 23, 0, 0, 0, 0, 0, 0, 0, 0, 0, 0, 0 ],
[ 92, 18, 2, 3, 11363, 1, 1, 47, 10, 6, 4576, 55, 52, 49426, 5282, 55, 8, 0 ],
[ 94, 20, 2, 3, 58, 2, 29, 11, 0, 3, 1260, 19, 17, 2399, 1850, 19, 8, 1 ],
[ 94, 19, 2, 7, 8404, 2, 29, 20, 8, 6, 2976, 26, 23, 8187, 3476, 26, 6, 0 ],
[ 97, 15, 2, 12, 8755, 45, 157, 3, 0, 2, 198, 3, 6, 384, 198, 3, 0, 1 ],
[ 97, 15, 2, 12, 8762, 45, 157, 3, 0, 2, 198, 3, 6, 384, 198, 3, 0, 1 ],
[ 97, 19, 2, 3, 7778, 1, 1, 19, 3, 4, 1948, 23, 26, 12186, 2280, 23, 4, 0 ],
[ 99, 20, 2, 3, 0, 30, 154, 0, 0, 0, 0, 0, 2, 124, 0, 0, 0, 1 ],
[ 99, 20, 2, 3, 0, 30, 154, 0, 0, 0, 0, 0, 3, 186, 0, 0, 0, 1 ],
[ 99, 14, 1, 7, 2743, 2, 50, 0, 0, 0, 0, 0, 0, 0, 0, 0, 0, 0 ],
[ 99, 16, 2, 3, 12588, 2, 115, 4, 3, 2, 432, 4, 5, 310, 432, 4, 0, 0 ],
[ 100, 20, 2, 3, 0, 30, 154, 2, 1, 2, 132, 2, 4, 256, 132, 2, 0, 1 ],
[ 100, 20, 2, 3, 0, 30, 154, 0, 0, 0, 0, 0, 3, 186, 0, 0, 0, 1 ],
[ 100, 20, 2, 3, 0, 30, 154, 0, 0, 0, 0, 0, 3, 186, 0, 0, 0, 1 ],
[ 100, 20, 2, 3, 0, 30, 154, 0, 0, 0, 0, 0, 3, 186, 0, 0, 0, 1 ],
[ 100, 20, 2, 3, 0, 30, 154, 0, 0, 0, 0, 0, 3, 186, 0, 0, 0, 1 ],
[ 100, 20, 2, 3, 0, 30, 154, 0, 0, 0, 0, 0, 3, 186, 0, 0, 0, 1 ],
[ 100, 20, 2, 3, 0, 30, 154, 0, 0, 0, 0, 0, 2, 124, 0, 0, 0, 1 ],
[ 100, 20, 2, 3, 0, 30, 154, 0, 0, 0, 0, 0, 2, 124, 0, 0, 0, 1 ],
[ 100, 20, 2, 3, 0, 30, 154, 0, 0, 0, 0, 0, 2, 124, 0, 0, 0, 1 ],
[ 100, 20, 2, 3, 0, 30, 154, 0, 0, 0, 0, 0, 2, 124, 0, 0, 0, 1 ],
[ 100, 20, 2, 3, 0, 30, 154, 1, 0, 1, 66, 1, 3, 190, 66, 1, 0, 1 ],
[ 100, 20, 2, 3, 0, 30, 154, 0, 0, 0, 0, 0, 2, 124, 0, 0, 0, 1 ],
[ 100, 20, 2, 3, 0, 30, 154, 0, 0, 0, 0, 0, 2, 124, 0, 0, 0, 1 ],
[ 100, 20, 2, 3, 0, 30, 154, 0, 0, 0, 0, 0, 3, 186, 0, 0, 0, 1 ],
[ 100, 20, 2, 3, 0, 30, 154, 0, 0, 0, 0, 0, 3, 186, 0, 0, 0, 1 ],
[ 100, 20, 2, 3, 0, 30, 154, 0, 0, 0, 0, 0, 3, 186, 0, 0, 0, 1 ],
[ 100, 20, 2, 3, 0, 30, 154, 0, 0, 0, 0, 0, 2, 124, 0, 0, 0, 1 ],
[ 100, 20, 2, 3, 0, 30, 154, 0, 0, 0, 0, 0, 2, 124, 0, 0, 0, 1 ],
[ 100, 20, 2, 3, 0, 30, 154, 1, 0, 1, 66, 1, 3, 190, 66, 1, 0, 1 ],
[ 100, 20, 2, 3, 0, 30, 154, 1, 0, 1, 66, 1, 3, 190, 66, 1, 0, 1 ],
[ 100, 20, 2, 3, 0, 30, 154, 1, 0, 1, 66, 1, 3, 190, 66, 1, 0, 1 ],
[ 100, 20, 2, 3, 0, 30, 154, 1, 0, 1, 66, 1, 3, 190, 66, 1, 0, 1 ],
[ 100, 20, 2, 3, 0, 30, 154, 0, 0, 0, 0, 0, 3, 186, 0, 0, 0, 1 ],
[ 100, 20, 2, 3, 0, 30, 154, 0, 0, 0, 0, 0, 3, 186, 0, 0, 0, 1 ],
[ 100, 17, 2, 3, 14060, 1, 1, 35, 9, 12, 2820, 43, 28, 3254, 3428, 43, 8, 0 ],
[ 101, 19, 2, 3, 54473, 2, 6, 47, 0, 2, 4104, 51, 84, 131895, 4380, 51, 4, 0 ],
[ 101, 15, 2, 3, 7503, 8, 26, 4, 2, 2, 276, 4, 5, 416, 276, 4, na, 0 ],
[ 102, 17, 1, 3, 0, 2, 23, 48, 11, 11, 3684, 54, 53, 47558, 4164, 54, 6, 0 ],
[ 103, 21, 2, 3, 15591, 2, 37, 0, 0, 0, 0, 0, 0, 0, 0, 0, 0, 0 ],
[ 103, 17, 2, 50, 15666, 2, 84, 0, 0, 0, 0, 0, 0, 0, 0, 0, 0, 0 ],
[ 103, 17, 2, 88, 0, 25, 1, 0, 0, 0, 0, 0, 0, 0, 0, 0, 0, 0 ],
[ 103, 20, 2, 13, 10843, 2, 30, 0, 0, 0, 0, 0, 0, 0, 0, 0, 0, 0 ],
[ 105, 20, 1, 35, 11230, 1, 1, 22, 0, 3, 2790, 26, 26, 23294, 3104, 26, 4, 1 ],
[ 105, 21, 2, 3, 26857, 2, 62, 39, 3, 4, 3238, 43, 44, 26870, 3550, 43, 4, 0 ],
[ 105, 17, 2, 3, 14060, 1, 1, 18, 10, 9, 1212, 18, 11, 682, 1212, 18, 0, 0 ],
[ 105, 22, 2, 3, 0, 2, 23, 0, 0, 0, 0, 0, 0, 0, 0, 0, 0, 0 ],
[ 106, 21, 2, 3, 0, 2, 23, 0, 0, 0, 0, 0, 0, 0, 0, 0, 0, 0 ],
[ 106, 18, 2, 3, 75176, 2, 25, 7, 5, 5, 630, 7, 8, 508, 630, 7, 0, 0 ],
[ 106, 19, 2, 7, 15058, 2, 23, 54, 3, 5, 5078, 60, 61, 68512, 5512, 60, 6, 0 ],
[ 107, 23, 2, 3, 25886, 2, 23, 6, 3, 2, 564, 6, 4, 244, 564, 6, 0, 0 ],
[ 110, 21, 2, 3, 42290, 1, 1, 0, 0, 0, 0, 0, 0, 0, 0, 0, 0, 0 ],
[ 110, 15, 1, 89, 22264, 2, 115, 8, 4, 3, 822, 12, 13, 1527, 1178, 12, 4, 0 ],
[ 111, 22, 2, 2, 12027, 9, 15, 13, 1, 7, 1524, 17, 12, 1603, 1844, 17, 4, 0 ],
[ 112, 19, 2, 3, 0, 1, 1, 6, 1, 4, 728, 8, 17, 1180, 888, 8, 2, 0 ],
[ 113, 18, 2, 3, 39517, 2, 25, 0, 0, 0, 0, 0, 0, 0, 0, 0, 0, 0 ],
[ 115, 20, 2, 3, 10315, 2, 23, 13, 3, 3, 1984, 19, 18, 2183, 2484, 19, 6, 0 ],
[ 116, 18, 2, 3, 0, 2, 62, 23, 17, 8, 1970, 27, 26, 2183, 2262, 27, 4, 0 ],
[ 117, 19, 2, 13, 6804, 1, 1, 20, 0, 1, 4317, 24, 22, 21620, 4637, 24, 4, 0 ],
[ 120, 20, 2, 3, 100163, 2, 25, 15, 2, 6, 1692, 19, 18, 1627, 2012, 19, 4, 0 ],
[ 122, 22, 2, 3, 0, 30, 154, 0, 0, 0, 0, 0, 2, 124, 0, 0, 0, 1 ],
[ 122, 23, 2, 3, 0, 30, 154, 0, 0, 0, 0, 0, 2, 124, 0, 0, 0, 1 ],
[ 122, 21, 1, 3, 892, 1, 1, 21, 2, 7, 3425, 23, 16, 12391, 3591, 23, 2, 0 ],
[ 123, 24, 2, 3, 0, 30, 154, 0, 0, 0, 0, 0, 3, 186, 0, 0, 0, 1 ],
[ 123, 25, 2, 3, 0, 30, 154, 0, 0, 0, 0, 0, 2, 124, 0, 0, 0, 1 ],
[ 123, 18, 2, 3, 73927, 2, 25, 0, 0, 0, 0, 0, 0, 0, 0, 0, 0, 0 ],
[ 123, 21, 2, 3, 20, 2, 9, 11, 0, 2, 1344, 15, 13, 1927, 1652, 15, 4, 0 ],
[ 123, 21, 2, 7, 5268, 1, 1, 20, 0, 4, 1675, 22, 6, 456, 1823, 22, 2, 0 ],
[ 124, 23, 2, 3, 0, 30, 154, 0, 0, 0, 0, 0, 3, 186, 0, 0, 0, 1 ],
[ 124, 24, 2, 3, 0, 30, 154, 0, 0, 0, 0, 0, 2, 124, 0, 0, 0, 1 ],
[ 126, 25, 2, 3, 0, 30, 154, 0, 0, 0, 0, 0, 2, 124, 0, 0, 0, 1 ],
[ 126, 24, 2, 3, 0, 30, 154, 0, 0, 0, 0, 0, 2, 124, 0, 0, 0, 1 ],
[ 126, 23, 2, 3, 0, 30, 154, 0, 0, 0, 0, 0, 2, 124, 0, 0, 0, 1 ],
[ 126, 25, 2, 3, 0, 30, 154, 0, 0, 0, 0, 0, 3, 186, 0, 0, 0, 1 ],
[ 126, 19, 2, 90, 6244, 35, 142, 10, 0, 4, 1368, 16, 15, 3046, 1850, 16, 6, 0 ],
[ 128, 25, 2, 3, 29840, 5, 1, 4, 3, 2, 432, 4, 7, 432, 432, 4, 0, 0 ],
[ 129, 25, 2, 3, 0, 30, 154, 0, 0, 0, 0, 0, 2, 124, 0, 0, 0, 1 ],
[ 129, 18, 2, 3, 52552, 2, 25, 9, 3, 5, 702, 9, 4, 244, 702, 9, 0, 0 ],
[ 132, 26, 2, 3, 0, 30, 154, 0, 0, 0, 0, 0, 3, 186, 0, 0, 0, 1 ],
[ 132, 27, 2, 3, 0, 30, 154, 1, 1, 1, 90, 1, 4, 354, 90, 1, 0, 1 ],
[ 134, 24, 2, 3, 0, 30, 154, 0, 0, 0, 0, 0, 2, 124, 0, 0, 0, 1 ],
[ 135, 26, 2, 3, 0, 30, 154, 0, 0, 0, 0, 0, 3, 186, 0, 0, 0, 1 ],
[ 135, 27, 2, 3, 0, 30, 154, 0, 0, 0, 0, 0, 2, 124, 0, 0, 0, 1 ],
[ 135, 26, 2, 3, 0, 30, 154, 0, 0, 0, 0, 0, 3, 186, 0, 0, 0, 1 ],
[ 137, 25, 1, 2, 345, 2, 16, 0, 0, 0, 0, 0, 0, 0, 0, 0, 0, 0 ],
[ 139, 21, 2, 4, 35170, 1, 1, 47, 3, 8, 3718, 51, 47, 44519, 4064, 51, 4, 0 ],
[ 140, 26, 2, 3, 0, 30, 154, 0, 0, 0, 0, 0, 3, 186, 0, 0, 0, 1 ],
[ 141, 27, 2, 3, 0, 30, 154, 0, 0, 0, 0, 0, 3, 186, 0, 0, 0, 1 ],
[ 142, 22, 1, 74, 3929, 2, 50, 70, 2, 6, 5398, 74, 68, 137144, 5740, 74, 4, 0 ],
[ 143, 26, 2, 3, 0, 30, 154, 0, 0, 0, 0, 0, 2, 124, 0, 0, 0, 1 ],
[ 143, 27, 2, 3, 0, 30, 154, 0, 0, 0, 0, 0, 2, 124, 0, 0, 0, 1 ],
[ 144, 21, 2, 3, 14060, 1, 1, 21, 0, 4, 2854, 25, 17, 3490, 3146, 25, 4, 0 ],
[ 145, 26, 2, 3, 0, 30, 154, 0, 0, 0, 0, 0, 2, 124, 0, 0, 0, 1 ],
[ 145, 27, 2, 3, 0, 30, 154, 0, 0, 0, 0, 0, 3, 186, 0, 0, 0, 1 ],
[ 145, 29, 2, 3, 0, 30, 154, 0, 0, 0, 0, 0, 2, 124, 0, 0, 0, 1 ],
[ 146, 27, 2, 3, 0, 30, 154, 0, 0, 0, 0, 0, 3, 186, 0, 0, 0, 1 ],
[ 146, 28, 2, 3, 0, 30, 154, 0, 0, 0, 0, 0, 2, 124, 0, 0, 0, 1 ],
[ 150, 26, 2, 3, 0, 30, 154, 0, 0, 0, 0, 0, 3, 186, 0, 0, 0, 1 ],
[ 151, 29, 2, 3, 0, 30, 154, 0, 0, 0, 0, 0, 3, 186, 0, 0, 0, 1 ],
[ 156, 31, 2, 3, 0, 30, 154, 1, 1, 1, 90, 1, 5, 416, 90, 1, 0, 1 ],
[ 161, 23, 1, 47, 417, 1, 1, 7, 7, 2, 582, 7, 11, 752, 582, 7, 0, 0 ],
[ 170, 17, 2, 3, 0, 30, 154, 0, 0, 0, 0, 0, 2, 124, 0, 0, 0, 1 ],
[ 173, 34, 2, 3, 0, 30, 154, 1, 1, 1, 90, 1, 5, 416, 90, 1, 0, 1 ],
[ 178, 16, 2, 3, 0, 30, 154, 0, 0, 0, 0, 0, 3, 186, 0, 0, 0, 1 ],
[ 194, 17, 2, 3, 0, 30, 154, 0, 0, 0, 0, 0, 3, 186, 0, 0, 0, 1 ],
