638 376 396 990 127 686 892 297 281 287 397 45 159 878 592 427 399 655 570 975
337 135 998 318 690 866 715 565 589 512 360 619 697 512 484 807 851 332 510 836
774 904 720 376 15 623 583 757 593 912 344 253 425 900 766 561 206 858 622 681
298 923 916 325 782 336 414 559 348 800 927 251 255 329 275 253 763 514 588 314
710 850 671 726 435 488 993 115 754 169 142 712 389 301 992 824 304 239 269 932
757 314 830 809 374 153 351 471 524 905 720 437 952 528 612 490 810 492 780 891
463 697 874 522 132 37 827 782 413 860 527 394 9 84 681 768 874 416 454 899
769 501 913 909 802 999 70 857 994 798 82 716 5 684 282 879 927 442 452 677
993 614 914 180 607 27 784 584 492 38 479 577 963 667 577 230 390 9 43 882
269 597 885 355 41 668 974 938 818 688 367 5 755 156 524 550 118 204 668 672
236 698 885 13 125 472 969 298 266 203 562 186 393 481 156 889 288 904 169 242
970 888 398 909 499 774 737 147 386 969 83 111 635 22 578 462 22 487 877 220
766 483 895 401 933 394 547 192 422 975 233 550 307 765 842 659 547 135 676 985
541 21 257 800 895 970 742 732 347 992 747 644 845 540 129 925 664 632 314 371
515 47 90 911 847 825 144 51 834 434 925 425 444 997 870 711 765 728 658 15
562 344 259 225 279 606 162 408 419 301 886 910 465 144 669 324 582 68 196 924
841 260 500 287 338 800 264 678 983 278 661 59 929 167 591 13 412 535 307 510
228 701 959 255 333 269 176 86 149 338 745 864 89 573 283 556 648 288 786 686
867 851 237 321 934 280 114 932 781 396 815 369 338 508 43 416 599 133 42 849
327 153 672 797 818 625 681 864 883 542 483 851 804 709 852 845 893 816 242 700
