486 183 435 4 984 897 939 567 731 83 593 985 301 99 157 768 589 477 21 378 927 579 932 201 66 346 492 674 33 942
138 100 196 771 1 729 372 171 190 223 385 498 522 666 426 299 12 17 928 386 631 812 549 89 384 357 985 218 363 942
241 296 392 537 134 483 345 297 164 918 69 97 543 355 98 906 783 542 699 933 40 861 241 222 375 567 931 316 223 48
164 0 797 617 499 667 542 859 13 854 316 506 656 96 37 1 845 332 69 919 398 844 46 907 518 71 721 401 41 823
586 992 731 587 850 740 261 667 825 994 232 975 268 433 805 146 316 539 366 785 793 745 890 271 423 879 382 99 358 148
965 386 573 969 586 830 233 584 876 234 210 319 50 268 819 788 499 853 650 959 866 173 679 945 27 927 204 888 224 759
234 963 29 490 201 835 664 605 720 530 285 733 897 442 608 520 500 232 180 349 633 932 217 143 824 710 112 261 328 389
398 931 156 243 313 213 550 333 290 191 212 731 145 143 306 91 528 453 224 728 562 899 649 876 607 66 193 598 241 878
912 984 644 399 737 0 873 212 278 1 209 36 92 327 181 629 476 981 768 331 415 902 352 979 213 854 499 827 496 920
644 822 586 787 240 950 454 107 656 781 816 826 521 241 585 887 627 706 753 715 974 779 586 869 768 47 813 998 868 686
775 679 644 701 934 670 423 282 620 88 156 133 895 280 325 264 155 101 237 402 537 585 39 119 314 816 589 365 625 1
256 964 42 696 511 75 173 432 44 532 442 5 767 37 340 588 715 371 128 955 849 65 763 216 111 284 585 603 380 24
892 308 853 572 975 377 451 785 55 198 340 934 843 752 962 317 188 499 277 955 107 431 61 163 540 493 16 570 281 128
82 202 120 471 653 38 781 334 232 489 511 419 10 272 736 878 34 958 71 264 959 251 424 559 46 933 492 616 144 519
104 595 228 26 45 364 284 804 263 803 113 152 249 914 469 153 717 513 892 507 823 741 317 450 944 665 769 876 149 422
417 813 58 646 820 363 774 89 677 869 627 858 41 976 685 27 242 177 124 476 924 761 786 157 397 67 680 731 359 52
925 141 493 694 258 642 197 922 810 534 468 160 431 330 979 80 978 651 527 506 467 108 876 496 714 745 655 153 295 335
306 433 415 507 860 448 166 385 398 570 996 522 224 640 470 989 533 797 61 267 591 813 717 390 75 694 560 604 981 828
411 210 508 313 361 529 276 911 847 840 852 445 981 157 401 22 134 83 536 698 612 142 794 487 481 324 684 798 797 164
845 712 324 93 310 987 894 297 323 247 724 870 453 433 129 945 44 302 74 129 359 291 42 986 344 149 94 422 58 673
513 440 158 146 500 817 504 443 430 122 852 781 594 540 572 412 348 958 306 86 397 199 341 243 400 64 186 895 817 389
553 748 140 455 468 897 484 702 62 389 55 90 71 854 476 873 357 950 431 966 601 272 969 42 912 716 119 569 282 668
578 121 943 207 195 195 648 562 322 892 46 595 162 292 862 782 333 873 535 677 830 935 607 852 553 623 684 806 377 432
113 988 968 163 860 738 510 103 909 679 203 767 806 235 979 289 720 575 983 66 445 401 903 227 324 656 435 965 118 436
289 115 929 708 756 247 652 371 962 969 431 224 57 172 450 491 305 227 328 289 287 677 0 357 741 255 481 711 671 905
71 554 893 684 481 808 362 673 468 629 545 961 801 436 139 154 565 611 846 321 893 681 983 133 449 219 370 463 226 338
401 530 476 849 849 277 202 996 247 483 588 718 427 707 334 252 880 915 518 310 988 674 674 800 586 422 833 72 900 350
420 437 381 973 291 271 28 559 69 152 615 407 291 73 396 335 977 636 697 754 329 481 267 123 204 529 24 388 99 305
364 384 169 130 322 392 841 982 957 491 108 97 524 740 695 975 145 917 592 680 801 225 105 294 334 953 194 704 547 248
607 262 864 150 431 109 735 428 804 363 631 313 766 572 760 660 295 241 291 770 387 302 425 766 722 273 718 531 727 33
