126 206 443 701 109 209 799 929 274 75 126 553 420 802 63 863 476 254 251 884 585 836 275 424 485 116 882 973 965 618 242 961 172 386 610 84 542 321 459 470
167 524 419 557 75 141 434 758 486 73 885 835 194 499 135 817 560 262 322 587 133 958 529 244 257 582 312 480 692 526 12 970 338 523 245 642 157 192 555 811
410 158 973 159 226 65 631 910 876 287 252 712 530 179 454 841 204 317 317 883 14 184 620 740 202 939 793 389 838 712 625 598 917 380 367 298 696 290 682 439
999 99 110 772 246 384 687 413 584 997 526 721 420 133 823 414 388 413 254 512 930 444 342 686 715 175 727 584 622 384 643 289 244 213 280 988 957 276 31 220
747 632 365 357 10 658 185 824 101 707 753 811 873 885 521 161 7 419 926 228 46 587 437 420 950 4 466 841 778 354 754 155 359 992 307 809 162 726 510 411
215 631 915 153 876 465 415 766 476 571 857 783 261 618 216 401 503 801 518 16 506 852 110 300 447 893 346 840 71 573 652 795 667 199 522 13 541 823 486 786
662 889 379 22 966 967 878 337 725 628 781 275 417 922 216 269 365 252 653 236 980 217 790 213 656 225 142 734 457 385 75 51 41 513 85 222 544 197 389 556
909 937 621 245 573 528 302 532 939 541 873 294 409 94 50 126 214 405 771 766 595 538 956 71 208 263 608 761 894 558 727 113 229 668 329 772 822 775 944 191
409 483 991 251 154 209 924 900 737 537 503 209 132 159 672 29 517 559 228 386 114 358 912 977 785 960 586 349 193 243 732 120 566 53 564 545 822 809 932 119
935 224 615 444 850 260 64 930 325 264 701 486 150 937 704 662 370 61 350 23 456 838 483 365 42 771 661 174 755 507 806 359 959 39 174 312 154 37 483 681
578 295 165 791 782 682 843 515 65 728 671 674 848 1 642 988 954 907 811 781 874 64 500 680 814 527 479 689 811 970 357 945 894 30 44 536 75 627 172 584
429 974 312 333 359 208 732 876 93 813 454 644 407 913 478 778 19 345 728 628 277 195 110 827 331 582 812 20 223 71 209 961 33 646 613 757 627 981 572 987
429 476 28 985 76 352 742 298 294 523 564 634 917 881 81 803 271 869 376 13 242 722 893 422 880 430 616 451 768 297 966 541 608 726 532 764 82 52 402 241
338 34 91 332 508 97 376 668 457 624 146 468 758 313 352 199 645 697 771 35 555 207 754 366 120 536 707 270 363 203 853 320 672 823 572 300 33 94 45 752
97 321 18 620 864 658 620 390 740 642 758 775 195 966 716 104 274 112 628 642 549 623 21 95 528 752 708 680 162 774 817 930 484 682 235 685 331 844 33 383
287 293 447 296 99 422 953 263 609 649 904 46 78 324 556 578 18 581 892 80 452 161 789 979 819 754 356 10 0 172 624 798 916 998 460 836 384 819 571 416
617 102 487 465 205 300 134 501 381 892 604 545 655 289 453 148 888 15 256 470 249 626 842 798 360 480 531 981 368 952 697 672 479 988 536 795 727 728 537 587
996 630 19 139 738 523 897 90 231 489 575 131 665 225 987 425 191 260 395 183 852 232 52 543 963 634 180 14 683 30 27 375 50 352 340 868 346 518 296 527
305 763 957 590 876 527 727 982 606 971 379 946 481 239 15 688 541 257 638 106 355 296 705 964 637 890 658 616 47 277 733 824 180 63 966 431 365 258 612 437
630 37 570 877 203 125 70 910 469 262 884 174 970 636 925 362 946 765 541 218 155 383 462 392 150 614 760 788 659 34 663 89 119 516 171 984 859 212 245 175
827 331 811 295 152 711 297 669 601 661 599 374 697 700 352 251 331 50 140 74 836 975 62 238 832 360 119 385 284 535 301 726 870 447 371 918 866 509 23 390
456 572 367 986 372 57 978 289 109 967 967 910 319 382 621 633 798 208 144 547 85 93 712 653 456 710 157 804 407 920 522 194 420 905 179 12 962 741 179 110
93 183 500 926 533 462 490 708 824 729 844 630 620 658 911 592 709 951 181 32 451 794 225 648 987 981 709 674 755 196 427 551 285 836 349 805 226 131 584 589
896 404 93 323 457 188 180 396 486 714 919 661 38 689 81 61 362 967 906 532 573 566 975 829 830 888 504 621 484 934 879 473 929 721 802 976 639 796 540 610
705 871 993 977 436 0 461 696 109 20 576 106 994 747 968 649 557 621 517 117 315 737 883 797 489 984 105 620 462 621 688 95 542 280 956 138 66 90 839 834
708 836 835 971 952 819 449 183 56 984 425 922 56 258 245 113 277 483 882 810 491 47 71 392 817 802 475 471 820 488 85 497 797 716 627 559 984 180 393 830
311 260 78 437 532 203 449 786 43 30 771 868 905 858 29 897 454 924 382 695 137 404 115 202 816 427 601 452 441 792 670 361 788 963 66 562 417 341 172 943
797 306 985 865 600 667 150 29 498 959 804 608 904 697 635 463 533 32 731 126 350 526 174 881 409 972 24 371 972 289 781 841 711 87 777 100 953 240 422 794
89 427 23 563 357 752 858 552 537 171 183 358 652 432 461 547 719 815 129 650 423 658 192 194 621 989 265 452 360 90 982 713 349 133 900 855 132 559 158 350
586 757 561 758 416 685 114 826 717 3 658 539 191 90 895 67 234 895 986 933 281 132 653 496 563 549 93 519 236 297 301 852 612 210 517 488 100 652 259 892
826 710 533 868 80 956 423 932 16 73 609 622 708 628 147 443 891 216 525 408 76 682 570 121 596 225 392 268 477 173 910 446 829 584 252 366 548 989 483 460
1 324 302 329 947 11 481 307 429 9 956 756 624 326 640 551 599 742 889 913 933 168 56 283 628 300 394 981 752 121 157 686 884 226 165 414 398 581 56 631
994 457 671 637 248 394 101 464 830 483 363 777 648 283 826 752 270 58 272 257 71 464 503 469 458 146 533 445 60 138 656 888 111 535 188 478 305 201 193 314
754 982 241 203 628 19 804 689 770 106 881 127 17 601 502 563 43 264 806 158 158 761 587 454 919 77 608 765 889 329 331 718 294 912 720 934 931 618 993 937
955 282 944 366 8 204 434 121 95 867 676 143 593 998 219 274 856 293 332 168 955 149 118 797 121 977 888 43 809 592 79 689 36 519 507 255 100 526 202 451
814 311 885 791 279 752 412 657 991 567 981 93 675 716 959 694 927 80 230 973 233 126 779 872 701 127 948 858 315 50 865 328 228 575 965 801 866 365 86 300
995 413 427 21 84 777 378 221 34 381 413 174 237 504 141 817 650 780 501 61 475 133 857 136 555 433 949 328 119 18 583 179 743 934 606 699 126 488 430 256
112 10 34 949 95 698 109 369 345 551 355 737 776 531 891 886 144 286 56 845 103 245 876 330 600 266 693 998 833 293 701 553 725 17 785 412 256 232 299 54
790 921 597 265 964 619 491 367 852 502 809 652 807 593 776 560 338 727 830 649 888 835 1 838 708 254 221 884 701 324 471 996 629 922 913 511 434 713 221 338
385 320 963 279 448 845 950 976 660 368 775 839 225 491 89 350 165 597 305 964 892 965 446 482 374 101 656 233 845 580 767 847 967 787 118 828 450 960 427 313
